4384241019
4358894396
4375603266
4379445911
4377001010
4377085818
4372723403
4334695036
4465399888
182460396
4313164501
1564277877
4370079329
4369627633
4369186678
4641441189
4421850462
4370840754
4385823478
4386063961
4385222222
3268895331
4375097302
4380116986
4330202641
4369514177
4372740637
4373357359
4381643776
4363309244
4376259012
4376818384
4377363690
4343698503
4382641867
4371151354
4317265247
4329829379
4342020831
4386063957
4342043861
2942343371
4379800166
2926064723
4345524748
4380895515
4333916083
4381445850
4366950478
3238649303
4379338335
4447109252
4363148391
4368956725
3446530194
4316581051
3369358184
4374345533
4316888080
148771166
4365758633
478631087
4354769525
4381452346
4354041288
4383512988
4384279675
4376537273
4384242512
570533509
4383505037
2721641294
4358641630
4363758904
4383087937
4377766554
4382911301
4862846980
4318846065
4383716141
5037311473
4464122699
3758656126
4337276814
3086701502
4375542204
2754083024
4363850997
4355199922
4333663808
4349141730
4365352801
4360490596
4368512185
4421259251
4325404494
4376388385
4377361761
4356216858
4373358844
4376228464
3683002680
4379418268
1387876710
4315910762
4379946711
3600684785
4403841035
2101544664
4339374535
5080194580
4335810820
4404399220
2295118183
4383576248
4586315294
3658615294
4372825100
4376885141
4360074252
4300635223
4377558588
4337214560
4367963845
4077953661
4346796806
4407012034
4336126536
4352622233
4337772932
4352210984
409195616
1966184560
4367894584
4319506203
3773905735
4380868699
4374977480
4335943696
4332199114
4339012210
4345411420
370368204
4379948714
4377713415
4364692339
4342153036
4327387444
4380451526
4378787094
4350514660
4364307456
1755307905
4372470922
4378009303
4325526015
4345857873
4329828223
4379247048
4355443128
4381167569
4363150482
4355049395
4370824386
4369891093
4356405614
4358262556
4363232006
4313142529
4360164507
4346985561
4377141450
4325659692
4314967355
4381514972
4707462425
4384166721
4360565944
4401613289
4376618959
4866180331
4379880790
4321912526
4351563806
4366438281
4381417922
4315764208
250147873
3004068614
4380031751
4360288689
4384498827
3710164898
2802613366
4381673663
4374829887
4343374835
4382943086
4371695859
4318817405
4384943183
4379887036
4367138802
4382523757
4371503365
4357766927
4327739915
4324291384
4382694627
4855220129
4379971097
4379657294
4328368601
4381673692
4374322738
4332192004
4375636878
4352532452
4382121040
4320054212
778306286
4855436030
4381328781
4358480846
4381472462
4379574262
4385283142
3297996628
4333884850
4385705377
4338179540
4317998423
4385407792
4379415090
4362627599
4344350686
4330884485
3951713489
4381220309
4356007625
4360920900
4354096617
49642922
4385341756
4381416440
4375261717
2191397184
4319973372
4378448395
4264875391
4357010211
4376140540
4380837509
4430527944
4383067370
2178174601
1046229450
4379695470
576523820
4380606725
4342106996
4376335740
4365379071
4407604009
4373883803
69502735
4382363452
4342311077
4382378632
4333583483
1147559132
4317551269
4343511008
4374268336
4424662767
4385138626
4369136107
4387689402
4209838289
4318988797
366408698
2269085629
4371127392
4357539675
4369260203
4316372871
4366530132
4375363178
4343199453
4315385995
4372488277
4372488275
4352399654
4335453988
4373484261
4383122848
3684023978
4348364824
2201908727
4320089175
4335188628
4920632336
4383295100
4316664977
2486236513
4376808942
4380131439
4380046650
3396527349
2793717476
4349911628
4382929464
4357847491
4382446393
4379574347
4419702275
4376374629
4416077365
4377171478
4372379888
4358772995
4356901421
4345015175
4339323694
4380668215
4353954274
4316189508
4322916484
4329399776
4316851710
4347148967
4353692993
2316085254
1802436455
4376539043
4314355511
4321264407
4332939922
4376992869
4369070369
4354096684
2478339962
4104471857
4373641842
4975424200
4383143282
3021807686
4324435325
437846511
4361780530
4376185437
4352222500
4352678626
2781061754
4347413392
4120953312
4379361768
3275546541
4338558948
4385810740
4316554902
4374772492
4378172587
4373641832
4385065198
4319837094
4375822050
4371787177
4360486367
4371965779
4337312873
4335243330
4373215008
4383737447
4379763334
4381149387
4326593465
3331923605
4320799335
4365074531
4378542502
4382883299
4363820159
4370062939
4344613875
4385750399
4359416138
4325003213
4368733100
4749499880
4375316530
4326854749
3124721496
4346620321
4381171516
4377358960
4363452578
447978950
4367663146
4372802012
4376025507
4369403723
4324642231
4370065778
355095723
2816466182
3938357145
4339932200
4373591776
4415459962
4339503057
4380495516
4369451114
3841518998
4367219223
4375389555
4317063379
2508047171
4315894524
4340291167
4382756135
2008984281
4384519576
37607059
3091665924
4380222831
4382474880
4882041336
4385298906
4365547600
4352787657
4358210214
4376361057
4359386239
4368894658
4375097276
4378716605
4375403647
4326164927
4375313879
4362799920
4326612695
4352331742
4341777162
4330626086
2025224303
4380439632
4356933124
4383503887
4893084539
4383566941
4381238323
4337260107
4328449745
2179038448
4354079725
5092670120
4422520109
4377036205
4380545349
411036286
4377033360
4378666654
4344432792
4329891105
4353366238
2454963940
4370758377
4372372995
4382060936
4384560573
4376817447
4400606495
4364790161
4348560867
13222415
4326836928
4362058749
4366494779
4430209467
4383955941
4417114607
4373938275
4352252974
4314190499
4345121507
3458525324
4376332056
4378632335
4376289352
4386993558
4346329776
4684881636
4381242377
4356428836
4358500316
4328882332
4343865567
4365736742
4336763839
4420969770
4327103564
4336721525
4372800904
4368473339
4374429316
4380090405
293243135
4376931665
4379133587
4315919847
2205261084
4359318797
4351233684
4335667948
4421980607
4355035632
4355647080
4359603645
4317235620
4349426220
4346799512
4383563108
4381092198
4378009288
2530798462
4368726274
4379661139
4319851600
4385823370
3443791627
4381323111
2750500371
1746664183
4373217228
4333630612
4358443805
4380941864
4382441816
4380579137
4381527804
4357320293
4369627745
3448297390
4370624144
4197153843
4365791479
4382911404
4358348495
2689770115
4378003985
4376430604
4367509615
2173233212
4387960149
4325117588
3228477746
1797858762
4366374759
4369946275
4410903511
4322592763
4373568643
4378761808
4028416037
4361605061
4368166298
4351280787
4376145040
4346294975
4384119962
4362862380
4380810982
4327817583
4379008116
4380222765
4600725810
4356190249
4378271663
4356689354
4357052298
171861207
4385893542
4376933732
4369158460
4319262150
4384417092
4377058304
4361455640
4380795310
4369895260
5036816369
4422521925
4377815133
1383010879
4421918079
4379483399
3429173849
2919751508
412618381
2753480424
4323890122
4385239124
4339877673
4350295293
4377380962
4340629942
4346655778
3839873056
4404399382
359181113
4358261846
4371199502
4358074491
4358142936
2719859421
4363010420
4370566665
4371587027
4370994412
4382042344
4380918696
2244620734
4364528031
4380033139
4373772420
4351315761
4315570076
4334232874
4345972224
4323042846
4379380143
4384795300
4355835269
4371262506
4380094801
2587908910
4349335543
4383385026
4322376820
3102012919
3700755141
4364494013
4367254143
2843294848
4340542171
4313812614
4368002092
4360954567
4378581775
4352623094
4353651526
4368061228
4343840097
3770292918
4380349768
4407011858
4380998049
4375868655
4384495270
4347286223
4376222201
4373652404
4289779118
4321778003
4380470821
4378049396
4379640767
3356296402
4377140460
4379640762
4367685073
4334718524
5014695652
4370144225
4384461642
4379009697
4374283314
4319189884
4367085532
4336472262
2226707009
4332421902
4349977617
4361791172
4340823393
2402764792
4338355055
3359049485
4377907775
4375561227
4376391272
4328920173
182685562
4351834243
4379348479
4338976908
4379808771
4374010294
4381257225
2690130337
4337530640
4385393867
4359446990
4374392957
4416789219
4345462825
4385810672
4363189086
4387668186
4376738270
4363000967
2177646305
4344557674
4367204402
4376207183
4423286126
4360287906
4362679760
4368575454
4382912942
4330923990
4340338773
4342301946
4372585470
4367081968
192034654
4384321015
4384574256
4369331788
4356935494
4382723404
4375702954
4378942866
4372950253
4316261559
4355950793
4374047117
4363515568
3948505410
2891140243
4352870964
3889016464
4362444095
4369200309
4370145754
4345487080
236168902
4383281270
4322183035
4383274544
4384303957
4315141186
4346755512
3643943806
4371732134
4380093889
4363222490
4376103430
2163498218
4338007537
4379271041
4419913893
4372139527
4358839659
4372583902
4377286877
4365282209
4368988641
4363375523
4381163741
4360006906
4384009574
4371855015
4371501895
4376771843
4383773178
4377405366
4381506492
3417109971
4370744340
4377582719
4315301320
4382168163
4356291731
4342957431
4378613011
4370090130
4325765410
4362922102
4346738940
4529314057
4358041959
4383340079
4382993314
4371548581
4382995458
4376347082
4361149405
3880988244
4378678218
4356638956
4376054391
4384441432
4366490525
3549072271
4316303871
4385677544
4360169180
4360348575
4346800332
4328009879
4353631451
4377883950
4356980961
4361873711
4340236460
4425077000
5011599440
4360478083
4367965395
2151965617
4378321525
4377765380
4323185173
4367629286
4328384521
4370769464
4325932438
4391808464
3833870801
4375564531
4370045522
4384166651
1543465464
2532576819
4355667028
3632340753
4357822094
4930276154
4376212739
4370481573
4417636154
4380488975
4370458405
4386994234
4380235778
4378011225
4327221020
4374281176
3977141904
4379018041
4338270943
4347499039
4362377251
4382148794
4373109669
4372876387
4385743921
4316073156
4370347489
4349418905
4339767564
4302137999
4377688000
4373295649
3564889361
4374025574
4371381179
4372815994
4317311980
4381364661
4368380996
4346700679
4364829318
4385235058
4374445925
4383566835
4355675280
4420022202
4381786551
4361777910
4314970605
4366597805
4380588903
4360489041
4356905789
4337121024
4381506423
4366314436
4348959853
4356214701
4317967922
4338893243
4375949997
4368826984
4371338861
4362714845
4327116868
4316134648
4385207899
4315031984
4376166590
4328255461
4378809360
4380661929
4378409144
4322564581
4383205654
4350362989
4399636117
4380836485
4318191187
1877903383
3406720162
4368715738
3031341382
4365062067
4370932145
4377952962
4362731329
4326734373
3499418865
4353558000
4346420899
4339115588
4361957552
4382296407
4358619220
4406272081
4315992101
4381525664
4326911866
4336764859
4386164594
4352752694
4352764383
4324673963
4372911004
4373934134
4379005479
4353171200
4376499967
4321553817
4385117926
4376674535
4381469679
4312973707
2549833392
3504448361
4382701933
4379946565
4053849334
414630480
4382742385
4372057407
3655664812
4363357605
4380506187
4369265727
4371989135
4895081571
4371848591
4423374483
4381446059
4361136762
4375137539
4384333672
4324557563
4375249831
4378437860
4386308336
4378979069
4335828905
4380316437
4375776985
4330645777
4348393571
4871707931
4377631779
4355142251
4407042202
4379183151
4319650631
4341283908
4384251015
4342508730
4374126300
4384980780
4376743288
341186718
4355062113
4338769021
4376413881
4381340194
4403700741
4381417796
4382577627
4423621606
4356253161
4385797344
4384757248
4381672324
4356493632
4381857537
4367693605
4314653381
2485661790
4380058536
2196047250
4373971701
4337496170
4379043968
4332271960
4319851788
4358378229
4375196978
4319335761
4377147612
4384410636
4378330122
4381790711
4376957402
4379571563
4366342264
4382339968
4369523736
4373216360
4372248706
4376324968
4362004773
4381025576
4531385077
4328219162
4377929301
4160503926
4383066578
4334128149
4376970536
4356706203
4369846149
4016509600
4425809425
4372321593
4678106567
4377064620
4364561338
4381193470
4325227867
4379058799
4353196895
787092619
4381618065
2888942476
4319238462
4384702122
4357665322
4382560337
4371708157
4382788165
4382682564
4382579859
4384212356
4348527338
2343985959
4379963090
4381861382
4380836215
4318286806
4375760579
4316033426
4364541177
4342289994
4362961153
4373860138
4377696245
4399682587
4337996081
4354986439
4379622749
4384746718
4353553527
4317519822
4355885679
4366278080
4371511397
809508741
4347653753
4361823495
4366373519
4369342371
4348674631
4367782254
4375996505
4379385271
4325190899
4371028127
4325962704
4349297203
4380190917
4331314975
4380707125
3385469901
4382090700
4363452732
4379788159
4335805418
4386252688
4368101294
4345835473
4334773617
4333993025
4327938946
3263667851
2215826303
4409772697
4355299306
4386515008
4384136386
4315404578
4372512288
4356882919
4362961174
4379870195
4374180247
4337161461
4372309082
4338452005
4381135498
2841273859
4370007738
4383043881
5087392119
4381691207
4365051545
4383271808
4370627368
4370961003
4380396388
4383564524
2193555896
2347030471
4349340269
4348571070
19708099
4386749578
4382110213
4410849461
4357785092
4347236849
4332938191
4067663265
4380902225
4377906302
4376991995
4384405548
4356490299
4380235368
4359213947
4385116427
4358904915
4924898086
4319395556
4346370783
4383405584
4373641552
4381979136
4094312280
4353505265
3462572908
4374837928
4335855082
4360089026
4421442992
4315282127
4381332658
2399003803
4370573222
4357034751
3556390498
4326926811
4371959498
4369554784
4315049795
4342682783
4376234230
4343379291
4375892756
4382123011
355136450
4340180355
4336692019
4366499096
4351391606
4369607622
4374897139
1541576779
4362316004
4370592788
124903803
4380566523
3937811510
4371066302
4377664964
4383788396
4378894022
2089889862
2504741592
4381244713
4315423873
4374309832
4382211210
4375581959
4337583210
4366658757
4382195276
4352231350
4318448562
4366056721
4824140888
4385705152
4371462978
4355442343
4368077582
4358153529
4363295836
4658974721
4386776204
2474571984
557818634
4358374652
4324446856
4372497379
4383878139
4380626876
4358877190
4356303533
4385991748
4366254283
4138357664
4344717050
4367991553
4356159280
4314324487
4357687864
4316679936
4377775148
4381468159
4379169985
4315430554
4358921378
4360398857
4350294097
4382857386
4380693933
4370238462
4348001859
4385149506
4371494254
3541208663
4375356259
4381398341
2385570479
4354500212
4333897421
4376214823
4322568724
4373148105
4380240698
4374287581
4365653662
4353017210
4351920842
4356583499
4385705199
4382857362
4380492423
4378495243
4376870182
4381090980
4326158320
4384702168
4378850495
4378765808
4367581046
4936249227
4380903759
4359183892
4364686279
4379073894
4372332324
4899958027
4366677998
4381862927
4423920255
4381418834
4334575778
4352285906
4332597350
1010217551
4421853968
2832193449
4318915621
4382301008
19878811
35496618
4370611070
4353667805
4316408107
4367297353
3659533899
4382685424
4317119426
4349824986
4380044789
4354084455
4379533554
4331988741
4379838828
4342984099
3306336492
4376004185
4367991605
1770392414
4375091539
4380262330
4349882333
364597251
4393591640
114653929
4343237377
4378381876
4368540928
4316107102
4342258360
4379606350
4380026224
4332081486
4331375738
4616049303
4375024069
4374692978
3190285565
1390284244
4376285744
4313722426
4383273362
4836199876
4102651203
4338242588
4381051307
4383487861
4376506222
4381254049
4337908144
4318214902
4382423099
4385279374
4359745190
4348532615
4362620038
4385293136
4376506218
4315038763
4356272429
4396087392
4366529684
4371084381
4367003575
4380273567
4399630637
4376685289
4353613017
4349199064
4377555608
4376112627
4380838429
4370810577
4328706427
4363139753
4371948512
4381375714
4361663157
4384514983
275065963
4322402407
4380035830
4365493450
4343018030
4379009390
4340235094
4379882728
4344803276
4373522987
4380441673
4315541187
4367835641
4368304573
4385179178
4376304700
4377483209
5019447262
4373972385
4334586288
4560382974
4359564565
4381978804
4360307946
4324709544
3397026717
4378950290
4323002460
4378118683
4373120634
4379123836
4380279006
4342826626
3024208903
4365049740
4383313400
4347632695
4381332664
4380595142
4373798631
4367259227
90169814
4326135379
4346776287
4377103974
4376176186
4323620225
4362699705
4379928636
4358616114
4385319842
4323290998
2958106052
4322172448
4360103950
4380453212
4374136101
4373234863
4375835755
177644335
4363481756
3008994252
4402460147
4377433909
4369231640
4384400169
4380476366
4381029761
4370856887
4344794864
4351046126
4355357931
4319580211
4345654576
4377421514
4354840146
4377508127
4362588442
4384754020
4367278475
4343055055
4325125985
4370677179
4369340151
4825127128
4365169399
95852683
4370002225
4328921457
4379456913
4423621592
4330379330
2951052977
4377903634
4364372043
4383781914
4353851389
4375601749
4375316770
4370743176
4383247323
4318759591
4343176322
4404141434
4376115435
4343905094
4383024706
4323974777
4379971204
4384237170
4345970648
4382151457
4380455391
4449164411
4368123453
4315139589
4367914533
3170273974
4346859271
4363912582
4369551020
4363533835
4317627840
4375461541
2805444984
4383419125
2729221480
4372625258
4381418810
4377965704
4374856659
4375827809
4349357597
4338922727
4381845005
4381550827
4385147182
4371700742
4346579908
2790312577
4332156890
4365160799
4380440536
4374033738
4503224180
4357307734
4443416078
4360334673
4380565434
439410180
3598663780
4384416038
2878387812
4421954713
4333808190
4362322394
3495821942
4378124005
4379164264
4378763698
4382512393
4326260830
4349979578
3834479551
4374586420
4363032968
4380580034
4383774410
4380308068
490694033
4367591871
4369252302
4357313053
4379117295
4380315512
4374445690
4338075158
4320626954
4375468659
4378559616
4363294654
4360082078
4382226538
4374395680
4369556764
4343664569
4369138057
4372275560
4375263562
2308867480
4380440631
4450869800
4362220393
1812222391
4140149920
3372552680
4345173607
4376627111
4345835385
4360474261
4375615772
2717956412
4375258445
4485350916
4381293311
4363691666
4376841814
4378836707
4351219329
4332636163
4377373276
4332383518
4317365742
4323906113
4382373092
5019130151
4379413177
4377127298
4383098888
233180526
4376150163
4363770166
4259173504
4383940975
4366247909
4377552140
4319099864
4315056499
4379425602
4362855899
4329624755
4369631477
4380694572
4379705148
4375051977
4043044900
4383524618
4334501693
4374298307
4383325170
4378231572
4424665149
4384448908
4386825060
4333095474
4376131059
4317730212
4369359249
4379172187
3354825202
4018499796
4372568743
4374698258
4380467057
4439400276
4352179552
4385751603
4385279148
4352256944
4385116517
4374927400
4358859749
4377344881
4358877011
3770311210
2433560177
4385812342
4351892334
4339957994
4378078254
4377284420
4360713583
4379942075
4314626435
4364551999
4375708932
4379734870
4373533268
3125251105
4355192745
4360460535
4357841320
4343128235
3150338405
111568621
4370505667
3327923602
4374637753
4381288044
4317193254
4383097300
4376146383
3386629036
3145132006
3643137037
4370645590
4379249740
4376624339
4316577273
4381582784
4353904206
4324260376
4350944092
4381249674
4355658527
4343382027
4369373962
4366901941
1593338891
4368581289
4382976463
4381992989
4377948924
4381683994
4341773278
2479990476
4382559953
4337329675
4358621124
4359623591
4381385187
4345176461
4380599700
4376567416
4380693850
3008621342
4365989815
4381894437
4362172732
4324487212
4367678559
4365937624
2730350109
4320702974
4383385254
4417634154
3748140765
4376094036
4420207029
4363965920
4372093853
4376114001
4359939348
4379998413
4352614853
4314371131
4366596405
4329875473
4380015021
4359388948
168342510
3511501909
4384683790
4326715402
4381793680
4380057575
4380769116
4380438649
4315246365
4383719766
4383511530
4316781254
4364811200
4381979062
4349017711
4352865538
3297297879
4319351998
4358080216
4376234152
4371021298
4325396947
4372535781
3026168509
4380884659
4383808955
4367578794
4348711616
4356937142
4366243600
4369878527
4349277540
3337606350
4355061172
4346920936
4375411965
4319742199
4368327932
4319601618
4374473978
4362296487
4315978843
4330120482
4343612682
4382874850
4383263781
2555787650
365726983
4385257126
4380091899
4361529961
4359426629
4322242141
4380262465
4448359051
4382443512
4381940122
4367351279
3197427388
4378353165
4358321104
4376706148
4378710611
4354084593
4362880446
4382943109
4361197595
4841290233
4356559175
4397379680
4352113977
4348374418
2405011414
4368336830
4382523353
4383195861
4348064412
4379801635
4323431218
4337376885
4380884740
4375948655
4378779605
741574234
3461349265
2163504195
4372622052
3662754501
4317066212
4357852152
4347615187
4344428238
4348065593
4360079700
4350528197
4383487766
4378051772
3818315604
4350051252
4327731589
4355337544
4376806702
4357273519
4361148151
3746361233
4367757097
4749938922
2457161876
4353746779
4318287979
4359779215
4378264050
4335494582
4367405321
4336717361
4373370772
3524109597
4380826790
4371882882
4375256237
4659707235
4371468699
4385077518
4354000011
4384280595
472370269
4366711511
4382880082
4319635643
2424745622
4356964292
4324653466
4346930157
4367455709
4458483111
4351438527
4323975953
4382222179
4381330551
4379959570
3836028985
4353920098
4349722414
4379555257
4380038775
4315290228
4361703284
4359526449
4316907465
3867556659
4372458245
4359662684
4381317737
4349019901
4361383077
4330545142
3094805076
4336574602
4359640886
4316131071
2163504123
4380396473
2262871524
4375779603
4313892748
4380745960
4380182310
4331341911
4381524374
4138097005
4378987420
43820315
4381474926
4381788907
3314902602
4337991782
4108519473
4362346273
4319389701
4372984266
4276138460
4402602755
4372854484
4374556037
4384165359
2999459288
4335274638
4377663398
4314718465
2529508465
4368119170
4384067392
4383897097
4362073481
4370458822
4332634787
4381046193
4319712345
4343542705
4922395675
4354519306
4350887159
4432487964
4321188577
4351571886
3620320490
4356159406
4368222519
3836574290
4380568649
4925704163
4362067947
4327446459
4374619935
4375021504
4365926850
4379849968
4357153059
4384594934
4375945617
3268485140
4334679413
4377554012
4317573520
4359787085
4316952638
4383626898
2212219500
4381388931
4381866660
4364502217
4378265571
4349546600
510152504
4378079348
4384387551
2901808335
4396254669
4381685206
4359067637
4386827264
4359100935
4356547467
4250035000
2770852623
4378136355
4315224673
4360139013
4528155319
4367779158
2296431278
4337206142
4364996250
4379654096
4356747883
4505298674
4344749239
4359828408
179783061
4352489830
4357701403
4316674534
4365073100
4317316398
4344186880
4383469223
4316115424
3297312085
4336955755
4366972737
4316142945
4361043265
4348449333
4380400799
4356480819
4368521777
4382254394
4327286948
4373287751
4360006080
4373550112
4360522682
4377679272
4369156698
4384009856
4381322128
4381330271
4385779508
4419706145
4317747128
4380321845
4385014949
4333614278
4424521983
4327904286
4338383211
4358475954
4329803616
4340490726
4359081148
4366430767
4344625845
4354723019
4382338583
4315296901
4378948528
4364512591
4372083567
4362993213
4357491872
4374327985
4367453424
4347021265
4377167810
4371837731
4153806137
2749962585
4359868252
4378178891
435127359
4329978798
4324422790
4362083513
4347046866
2697530097
4355377590
4376010060
4375238942
4369503270
4357908914
4380635311
4358056770
4359437538
4356154243
4359088349
4376201699
4404180973
4369962618
4367686701
4354309083
4383490639
542220549
4369130696
532449231
4330080108
4340485638
4329184729
4381924540
4379275928
4364750900
4369396610
4372219164
155940265
4344531773
4396216507
4367030513
4380132192
4368172859
477016553
4375002769
4378561078
4382910971
4381802534
4348113613
4375728520
4327224684
4377766923
4379094961
4374846317
4343794497
312516346
4357732542
4377916026
4377300061
4326323206
4373987137
3669398789
4365199976
1799405954
4349294323
4382180651
4384556086
4380570614
4367003885
4379937319
4482549027
4342301616
4381011194
4376175646
4586494334
4337476192
4364937135
4349634289
4348448602
4384699112
4379046176
4384241441
4313863138
4365469703
4371113688
4373801002
4374373913
4332468596
1848807958
4381491868
4384473673
4372369857
4385558559
4425075882
4316798542
4348181877
4385375572
4348243986
4379335453
4375611395
4379685475
4366687670
4385059611
4353066485
4320460012
4375676589
2465948475
4385889122
4319423640
4377212521
4342689193
4320060796
4321231138
4372607177
4364991324
4365696202
4381646408
4365725743
4378208855
4382977441
4368380387
4324564247
4336834501
4365034358
4343050647
1464964822
4341711638
4384759558
4378528480
4371485972
4379752088
2436770861
4380814815
4342935343
4320034693
4355936699
4385423278
2318393528
1172541896
4369266290
4378004043
4376516124
4316418464
4328263268
4350640529
4375506030
4359329548
3562700735
4378240079
4355060576
4329235971
4382536317
4329986808
4326559313
4369262132
4374516665
4325137341
4454046862
4359257223
4377284127
4359642202
4381799160
4376623322
4356630319
4375761451
4362719115
3959790422
4371232070
4162578078
2720162482
4376430914
4372804637
4356649887
4384886355
4353925894
4382541895
4350166630
2185398152
4333728440
4365844625
4381032354
4379938775
4317354326
3770291052
4373630734
4316418431
4380400503
4370587192
4381385923
358233809
4319961340
4380226678
4368782058
4381243819
4384578085
4379104819
4359165680
4337998916
4330153069
4364495213
4372548751
4320676900
4419469696
4373697122
4384893306
4372804605
4379677367
4315595123
3589457792
4375196072
4383933627
383322769
4365933488
4340467870
4371130993
4380847724
4381681635
4316927945
4326126764
4381957379
152275136
4167481890
4366522099
4358623185
4316954738
4383374179
4377785210
4367967226
4420521329
4376498989
4315154726
4337898796
3498028339
4375745748
4355640688
4382497243
576670567
4362000243
4320105563
4373532065
4348678364
4313150355
4315192039
4375253031
4379231741
4344357934
4377831482
4383632552
4316525769
3368971520
4363892286
4339472345
4339875996
4317090526
3619148766
4376801510
2294659625
4371640173
4328168926
5099410284
4335289158
4379421577
4313120413
4377022102
4367794391
4341783801
4337318129
4373654152
4360322765
1150572655
4383991196
4381030172
4367968381
4346408401
4383730936
3074918261
4257474016
4381338729
4368651201
4378255344
4380846640
4363074765
4368154264
111095608
4318627815
4347608499
4351909816
4372442814
4538453043
4376604612
4358608625
4382575488
2553983295
4379972126
287486636
4322324761
4353658104
4380705608
4885969796
4376719412
4351170903
4375868153
4357825020
4337318109
4318122076
4352581756
4379226574
4381657344
3562682354
4319631661
4378084404
4356920657
4370086634
4358359391
4345856272
4328976041
4376351356
4365782587
3766107397
4381838036
4370570384
4316859202
4375488540
4316981147
4360225312
4387366162
4366162207
3247306451
4370389868
4367402055
2248578773
4381805323
4372683821
4367206978
4350741132
4322506508
4338494392
4362486546
4346608831
4345406285
4376873058
4384994283
4379801797
9024141
4361209240
4367578275
4389602415
4385730335
4097360547
4372690500
4340040728
4372041918
4363650161
4381281066
4366132818
4322459941
4371497497
254006046
4367899478
4353785145
4381339832
4378113303
4382623696
4204892804
4377875856
4371550952
4315813356
4375840678
4369996906
4350269963
3005171068
4380330498
4379350354
4360482417
4361818692
3752944916
4259768213
4367641574
4374490632
4334727596
4360270582
3643261915
3363334224
4380364494
4335564113
3331551671
1520869054
4319559498
4358864673
4361118484
4380424959
4380474585
4381268030
4382447953
4384881696
4323275062
4358488945
4351699694
4316420235
4379870435
4365398654
4381265666
4348555731
4382114693
4417117149
3247325203
4379471182
4379760491
54732224
4361590798
4330648312
4383932529
4314268961
4342278620
307335626
4336728717
4319937006
4356829600
4373178972
4410538072
4380702809
4382204342
4335654843
4346087856
4354460904
4319552785
4367405483
4370507044
1138709312
4315055576
4385986213
4353816894
4432725740
4368729146
4373772844
4380088808
4335555969
2070532593
4357301014
4356607175
4370410202
4315729841
4382111860
4265539974
4354880484
4384646267
4377080073
4334241471
4384274123
4383564254
4369243094
4318546813
4329397373
4380917547
4378810435
4377252428
4370027855
4344474898
4377054480
4379539209
4360373639
4362281321
4381711476
4319812786
4424521883
4365256991
4375936501
4334322602
4370626354
4375604897
4314477615
4383313126
4344830528
4265086
4383417809
4384236148
4334696717
2677075296
4365450238
4375921074
4354455220
4350761203
4338342897
5061977428
4356077499
4362131478
4378285753
4357245355
4383882094
4333785953
4364081727
5034986929
4343833305
4361209414
4371979291
4379756511
4329183626
916835814
4361701653
4382269388
4376849548
4373409038
3769344795
4376313538
4108336636
1352603832
4359083978
392004873
4366182677
4324011256
4317044595
4419449215
4370639784
4376258321
4343505334
4379695017
4910150013
4265917365
4377353817
4379814206
3958770046
4372634788
4345656126
4341777653
4385222508
4354564198
4356989462
4380663059
4346561021
103862396
4350181504
4326905636
4380787042
4370701956
4381882598
4346623139
4353117303
4359343632
4336905540
4356985693
4314420173
4358829009
4375388579
4339788784
4339503401
4371601132
4357744175
2802530988
4372857200
4363018450
4383282380
4378884893
4382873528
4372176152
4383464838
4386479768
4372701254
4318987122
3479301107
4367363150
4314939408
4369623824
4375092747
4362517937
4385631940
4381788268
4377904697
4396169779
4374940278
3190870722
4374993343
4344181284
4376347537
3391880008
4364463890
4355469009
4349495302
4364482910
4336957547
4559586649
4352253040
4370520636
4693738710
4328122594
4453268723
4382575565
4375900964
4384156677
4362719277
4352063036
4404051315
4153890918
3931495124
4317234086
1339126252
4367218615
4320758159
4375473515
4378853415
4381054983
4371607831
4420722741
4358022234
4358172667
4338056575
4382786507
4381894613
4315903928
4379275856
4335573751
2200156897
4369133398
4326967851
5078812859
4381137382
3930711201
4381066379
4358059658
4380895827
4358492651
4362284132
4382046000
4386429012
4337122506
4355416850
4366828277
4417614481
4346409595
4351379436
4374958401
4380453076
4375701890
4375776480
4091374344
3929371653
4343709566
4102460809
4372042119
4361529037
3066639170
4375420795
4345837233
4372581388
4367624522
4380975380
4373798363
271332225
4374200509
4329130870
4356569451
4385283426
4326851490
4385310928
4348710242
4374888476
4380914525
5025158521
4373101192
4379063812
4385715052
4406246879
4332941029
4313115289
4380674480
4364253398
4356609505
4360242329
4374145839
4383468832
2214205963
4323557079
4375805558
4381684391
4354838923
4371439091
4383312904
4326012042
4316434056
4352490524
3961453701
4383510231
830928862
4321970523
4356704617
4415951646
4361108920
4385878726
4380298920
4376260278
4364680347
3349141018
473969539
4380375384
4355471546
383962637
4370627872
4362742369
4326303991
4358520728
4377678394
4346997309
4371202786
4383268821
4357075643
4375945833
4466527164
4329838671
4374818363
4318968084
4380215332
4359889579
529014219
4365682376
3421834678
4347979638
4366133050
4381488904
2398352432
4338464003
4347985905
4384770656
4357293243
4382385117
4423367343
580341969
3739101878
3543463793
4382422829
4376804290
4666865258
4327611471
4372533397
4351127715
4360575630
4379349133
4421918577
4375959593
4382750886
4382575577
4383555488
4370590720
4360886590
4365716588
4372509445
868895953
4381813906
4366585006
3794810035
4357900443
4319802057
4378057639
4380148021
4381103426
4381334655
4351297247
2299821116
4382594766
4372695724
4361318279
4350670367
4356348975
4357979767
4384082518
4359314847
4368268917
4366336984
4377428464
4376314700
4376892128
4361691794
4352962161
4357552472
4376132829
4380130049
4382110819
4383032520
4381361201
4335719709
4377083304
4376011382
3702973670
4340996077
4368738858
4318314164
4383621661
4325017162
4367390921
2497997528
4379533492
4369770759
4380275203
4422563921
4316667432
4367453260
4251850261
4361560913
4342021441
4360413121
4380767720
4381355157
4378739223
4034925280
4376670312
3531371159
4343580709
4339004451
4392919673
4351930245
4384652494
4357007032
4315814929
4380384147
4382447851
4378327737
4412536643
4364166048
4350532913
4368154181
4334456011
4321190903
4352770935
4356790376
4365699612
4381254399
4323507642
4360576739
4376256163
4383877987
4382220979
4384036677
4381775970
4383935659
4357133942
4369339655
4386231795
4357825190
4385413502
4368491426
4379538872
4343691938
4371640232
4345208815
4367233570
4421443316
4343945925
4346645773
4410346130
4376388872
4354829945
4333493956
2735161187
4357243826
146875949
4336291190
4314643481
4373362590
4344055143
4383547914
4363966384
2484844139
4377982879
4383492700
4377988925
3298084360
4380399028
4385775251
4380495826
4354219165
4384356445
4333362826
4371256726
4799258338
4338778291
4382383704
4351768538
4337166743
4382119347
4358981931
4382005706
2821962858
4379954872
4314857951
2616388926
4382578633
4357559799
4383564266
4924462204
4343593328
4367329887
3421227602
4373034612
3185629080
4384078594
4365222824
2479526308
35179261
4373541982
4381330351
4369136497
4366740796
4366766437
4377271541
4324944739
4381360666
4380070795
4326638569
4344717704
4383064212
4319400494
4326751914
4375326326
4349790303
4396212097
4356967444
4359462631
4377916253
4384517130
4371556563
4326485777
4320080826
4380976782
4353845770
4362864115
4362715255
4342687253
4382229129
4420389341
4381515882
2778071126
4325171595
4329462940
4383505205
4406122059
2789582466
4203541821
4381497083
4342990075
4380446619
4366438016
4364230573
4333060235
4367562172
4351620098
4375806540
4337810815
4375991011
4413155811
2477312069
4341148739
4336239677
4355401807
4375673647
4364523586
4431401517
4380424665
4320080843
4327935262
4340120858
4377820920
4321781890
4340961129
4346059270
4324690773
4370148259
4333411179
4347523340
4371711430
3992932433
4376873364
4381885196
4383409260
4316990893
4319823443
4344695639
4342328747
4373919625
3618107793
4116022631
4376568215
4340945009
4382993836
4365284281
4360086852
3609884603
4341151234
4412163028
4546220417
4351494938
4372957049
4328549368
4373695172
4379494414
4381500602
2912534166
4378135474
4362540400
4373377577
4356406570
4368972004
4345407600
4377691985
4316075895
4380678268
4420721847
4371119318
4366453978
4838738343
4347351972
4364972626
277807213
4377787253
4380347657
4383448422
4321966395
4326123226
4373935345
4339039663
4363254678
4358646597
4373282339
4379884373
4344730474
4375157479
4381788303
4332563411
4384365482
4330982657
4376875448
4380424621
4369561842
4361054081
4382159830
4377700171
4384010492
4380106292
4351110313
4374624791
528095324
4415660167
4377208810
4376396025
4366458578
4341624605
4360872666
4380997281
4382514003
4368488921
4346327334
4383933931
4381261022
4375054174
4339918345
4329888681
4370006236
4335133470
4382049577
4380095806
4314910668
4091678137
4376407047
4372608424
3713575611
4383798807
4462534668
4322201487
4371563079
2803589560
4371072272
4318278244
4361639940
4378757384
4355583438
4355023444
270932883
352019123
7987207
3162587750
4383445609
4372812128
3732349006
4330649224
4349698774
4318383186
2050863747
2546119019
91001904
4337412006
2400512745
4318431576
4346181349
4381885100
4335341585
4378119773
4371022494
4323203940
4362906444
4384495766
177373809
4378505391
4382371098
4325748984
4338092290
4386291168
4377700359
4377235331
4362023842
4380329110
4316671019
4367697449
4371570048
4252900567
4351112751
4362926716
180526491
4370176913
4378790961
4375616352
4382939656
4424341839
2866000350
4327666180
4383868440
4442639955
4379867479
4331979657
4380953960
4319439402
5061677027
4360336396
4374309486
4382443094
4359491134
4360171053
3701352342
2438648126
4322691112
4381373113
4329813097
4380795870
4322383636
4358814216
1006929334
4380061621
4366815051
4334585722
4349599812
4380334305
3272963403
4359991167
4363922799
4380716724
4386291118
4320665766
4344558243
4376174302
2751977619
4376505108
4379021668
4304253676
4379620861
4361724916
4382311826
4364364227
4341435859
4319421472
4376007759
4369508645
4328401494
4316892872
4353390039
3164674847
4383989683
4370245999
4329088709
2694012486
197772146
4353164725
4346964574
4353388096
4344425619
4380276671
4376338229
4315040035
4333824756
4328461474
4318588519
4316264710
4328902251
4368802448
4373586540
4379159896
4330354963
4379992027
4385526635
4370147193
4404141872
4367724611
4368137538
4374054701
371533815
4328152761
4379367506
4374378011
4375947383
4382519827
4382176655
4376223423
4315420158
4350047593
4329095284
4381048647
4368178897
4325364718
4369210168
3306015128
4385000998
4344365728
4369964664
4364559141
3527515143
4329993728
4360123785
4359157343
4376338233
4376051898
4359693435
4423508334
4355414550
4408329199
4370537542
4337760357
4378789409
4343859299
4324557899
2798808101
4378812557
4385412306
4372314557
491935049
4408320974
4329282418
2209798913
3868258843
4330394541
2494910939
4420468602
4358434638
4383938155
4420385199
4379629018
4356754620
4377352598
4331395647
4378700007
4315027399
4368418640
4367742425
4343447657
4358434644
4361306955
4383928887
4375795260
4362117646
4348717308
4384481812
4348522015
4343404111
4380638658
4379364112
4374301151
5047642527
4337845028
4375667211
4365526482
4332933690
4339073026
4334518333
3269152917
4369237510
3358179970
5027922756
4323306832
4411052811
4330424634
4361382327
4379809033
4380610586
4378940345
4050025453
4374291332
4357112763
2966037011
4365503693
4331847708
3018281769
4375261099
4373377495
4363886924
4352374357
4383813127
4353796262
4378529861
2191453211
4373712356
4380219344
4383285299
4415999842
4382079460
4371328558
4376744064
4443918160
4380330674
4375026011
4377932706
4362030120
4380416650
4780951051
4347398010
4325801393
4381143941
4378016807
4397526781
4346478962
4369889976
4365988297
4346996116
4381854777
2786914895
4366071512
4352323600
4344623003
4374245364
4375087133
4344725794
4377809546
4383031315
4375146933
4383031321
4374739891
4368972058
177641933
4383644505
4376626851
4366434614
4315452043
4337563884
4314902457
4379714814
4355935350
4343045332
4372894203
4368628892
4519885911
4365265206
4371773536
4374839748
4381051775
4316809108
4332295859
746802663
4381446148
4383129319
4374796263
4377982722
4382435182
4383016059
4399651989
4378200363
4378198021
4372865790
4384323084
4370047737
4355101186
3907647606
4381492764
4385982333
4322052503
4319468137
4411813993
4415182369
4333485693
4356572393
4378057307
2741383084
4350524346
4370569086
3365411652
4315437558
4335937666
4379371025
4379395886
4367175265
4378484999
4379518699
4349131397
4365198162
4350311126
4362472560
4330457489
4316359360
4320954860
4325439530
4383341055
4383122605
4382276028
4377777786
4374907733
4315543100
4378367247
4356620584
4370134432
4377703131
4320066236
3703583560
4358998097
4382649745
4335211693
4369439210
4376974278
4368259545
4337462273
4370064355
4339498668
4384417259
4089484527
4419310501
4361394777
4380886353
4361893628
4347106396
4378853273
4340790207
4348341881
4316319042
4349023691
4364212448
4373987277
4928708487
3637331404
4375091927
4369947137
4381889251
4350422155
4381415761
4363896436
4360286212
4385835931
4370534102
4384267788
4351997685
4383300618
2291046386
4329122376
4386994994
4383603923
4337587232
4374222088
4380347591
4380353526
4315146552
4330838299
4377515350
4381185085
3824362785
4358962273
4351923029
4374738175
4315885527
1938648480
4348352465
2478701807
4324470376
4351375130
4315731815
4364612409
4358749578
4330481296
4379458629
4376654507
4374562889
4329978438
4372816181
4379458624
4381688660
4318839948
4382046202
4359488657
4385117222
2388938819
3748129279
4316148991
4374736965
158957627
4376081617
4407128398
4373644559
4423055581
4357745068
4374833849
4315938135
4378754258
4385750505
4374959739
4356473176
4320671006
302441004
4384032134
4354002666
4383395226
4361216708
4021940072
4383995589
4376155301
4372241377
4358736840
4379545358
4338102914
4375364961
4380774274
4360974836
4354315837
4316945571
4379480565
4357245107
4384517229
4358542640
4371697032
4203389591
2740534125
4383298086
4386291460
4361826033
4351835149
4370640699
3245095498
4349342215
2735995010
2560227488
4371047977
4275041096
3567669273
4381242095
4377577667
4332683672
4340634698
4329620939
4345808190
4350061750
4380771367
4380094171
4365476594
4438228372
3920734218
4356865265
4359198768
4384459931
4379281349
3610087456
4317000118
4375936783
4381365919
4383014719
458657258
4339305437
4342346076
4375539049
4370366519
4366612834
2398436545
4383491486
4334773939
1103413912
3094804990
4381997742
4349268298
386427200
4323861999
4369981765
4380810754
4348726902
119679860
4153890728
3306196135
4343980927
4382371198
4375765444
4327997985
4363072384
3873240183
4332837612
4322965076
4359867480
4340750563
4322713850
4338864823
1349580455
4384177472
4412184247
4380421823
284722332
4337226417
3842851282
4349286355
4334563759
4383123571
4345744484
3963619999
4352566990
4359672580
4346375282
4365053326
4382311950
3794405425
4335606565
4382110558
4357390590
4374046278
4317714670
4318261751
4362473552
4320646310
4418716417
4369334292
4417614665
4342494208
4382861302
4464901248
4583103260
4365123430
4332146620
4422188320
4329143222
4343946145
100290548
3708103694
4425428575
2451671110
4376045080
4345927922
4383671454
4334978862
4366119342
4354090538
4381522760
4415177485
4325778508
3097058683
4346217186
4369301319
4356768321
4338004814
4382575791
3352372192
4382674248
4375343651
4379349379
4379586976
4374746368
4329181666
2503153223
4330521459
4369518150
4355791015
4369890779
4363605468
273320851
4398777145
4383358079
4368331092
4340544543
4379560085
4354824953
4376505260
4384476739
4360575400
4376037933
4386045046
4352426348
4422180422
4381886756
4368918878
4360399536
3235483251
485800631
4376591311
4415418422
4342405460
4366896761
4344384914
4373033757
569628460
4319010482
4373530994
4380946278
2971267480
4336562810
4378756414
4378312307
4382952896
4378385282
4378408202
4368033816
4353813237
4371777933
4370189596
3101312621
4361788507
4364142979
3822199537
4370024329
4372305118
4117161762
4383994016
4351546782
4383779863
4314948748
5092031081
3762280354
4344065749
2270734964
4648356455
4349202409
4412272196
4317408033
4364570591
4423367137
4379251174
4382750602
4384425309
4346929537
4378757566
4379392837
4317354382
4345905235
4383509905
4371213340
4385044730
4323794166
4367840695
3782036442
4376769650
4385045860
4345166970
4383014625
4328727730
4368058494
4359786923
4362946015
4374867771
4385125994
4359953921
4356948315
4442270681
4316119102
4384315635
4385107979
4411951504
4319550611
4786460465
4411399453
4345707394
4350077858
4347627773
4375362045
4357475926
4340794705
4372439104
4334393157
4356213371
4349312577
4375985733
4429160525
43824225
4341559849
4378312353
4356145713
4377588717
4385222278
4339848117
4386064167
4377963952
4376321904
4368054009
4360391152
4362712383
3152035431
4361737803
4385924581
4379034918
4323125683
4381714902
2070532485
4368508166
4346972997
4379962744
4379817094
4346985085
3947186589
4423622518
4379969996
4379982906
4373517901
4382336669
4346835542
4369033978
4369339841
4379175514
4364717285
4359777361
3326139872
3943752496
4331623522
4379699390
482631386
4339660826
1159284414
4439392736
4383854765
4381732930
4376860153
4361292746
4374620145
4356907897
4379156730
4372928190
3179701852
4381592542
4380685186
473303144
285335816
4379306165
4351924859
4314303211
3165722104
4317475240
4323536464
4337658801
4375594246
4362298130
475671942
4339296201
4351336014
4453267881
4380568258
4367576179
4320411710
483817798
4335345196
4420425122
4360326785
222708424
4359996730
4354725341
4378608184
4368222110
3355379439
4324235385
4369783269
3864384092
4382870885
4422682736
4381003286
4362061041
4371544198
4858120997
4320274916
4362057799
4383015779
4354282557
4360482768
4327021704
4371321570
4383833827
4356512710
4355411059
4352185096
4379989283
4370609064
4358217647
4368303710
4319602792
4336751415
4316998039
4421416615
3563250577
4233669839
4379531470
4385729311
4375489752
4370829647
4358981761
4343793474
842236452
3583137672
4383974973
4335813385
4325925109
4378354707
4357096032
4365573127
4412584088
4371839827
450828305
4328027931
4353883490
4369524896
4378581927
4374226388
4371519547
4340796915
4384066792
4357847352
4380846562
1273361381
4325746827
4381163993
4382823692
4406765862
4373503567
4344989231
4330192401
810094978
4367678969
4340781642
4328515360
4381805216
3984029164
4318795117
2340453151
4321240243
4367425704
4375753320
3101312685
4377540850
4365687753
4356599528
4377218794
4374116028
4391800498
4361032850
4375871409
4330739594
4353646534
4383839894
4336003882
4365136431
4343098914
4341497129
4973311277
4352259558
4319625840
4383654083
4357515576
4379871872
4323205494
4434045186
3822065123
4384941767
4375515414
4331605099
4361955390
4382008565
4351202904
4357073013
4330183153
4369827753
4350762195
3769492135
4374548547
4368807235
4316544944
4364474618
4384287583
4368544716
4375831813
4379924598
3007644878
4364606958
4380048756
4379171511
4371910693
4620310237
1919075188
4318766334
4379869479
4355063987
1234285476
4354756191
4333227980
4381304611
4336516797
4357405968
4356555219
4377941809
4390987112
4449247555
4315746495
4373524422
4415226850
4370957205
4386253164
4382754775
4370861306
4367779926
4346075856
4369894194
4347390632
91217833
4362909412
4330890686
4368807286
4342156420
4338195218
2097132200
4748023836
4340957305
4345369226
4359872768
4377035600
2964273675
4378028443
4335110712
3268077112
4374929942
4425280962
4378171771
4371887643
4357333642
4380067508
4366959884
4383505950
510600663
4370830548
4385136376
4350127694
4384119014
3355246373
4378121982
4361308310
4364528890
4380145902
4174594416
4348411666
4350545555
4384124661
4417272467
4341737516
2243440975
3917481021
4380426155
4376273107
2489788523
4363131982
4385339464
4345758728
4357292253
4383677575
4380792170
4334146624
4325927151
4319770753
4318072607
4371719029
4379629270
4381109009
2335061819
4373270022
4379582561
4591105417
3726073166
4371432528
4388714534
4319749966
4381379798
4381085118
4376372749
4382409489
4367186470
4342948873
2141451516
4359382547
4368612361
4376964212
4374640903
4379333581
4381268564
4068683067
2383447119
4327831199
4325162475
4313778602
4339997756
4370615998
4383941283
4380769743
5055444012
4380517751
4380723361
4365346724
4383287525
4315655955
4374498677
4347708991
4384364987
4370005884
3955500617
4365260252
4353049291
4346198240
4379333596
4381959846
4328572667
4349100222
3874306899
4343850473
4358615649
4339897275
153036371
4383673209
4348364054
4317505475
4374656133
4327244783
4329008427
4382204736
3440723036
4381682326
4367887470
4372849024
4341052842
4384457366
4378552886
4385650690
3853951741
4322712272
4379692567
4382081434
4362407146
3030750530
4368480817
4381318461
4381194360
4372805475
4376944016
2086575419
4450868930
4317246914
4335207784
4351324872
457716562
4351651355
4365241886
4354891782
4362614723
4313869312
4317017307
4344377956
4368409946
4376649959
4375583713
4360456754
3535651140
4367145115
4321289892
4331257872
3833552248
4363795710
4334715610
4401610725
4367592299
4338337727
4385159366
4381616210
4381856371
4358600693
3353923644
4376327660
59884663
4379373066
4375771943
4318849751
4317017312
4373055661
4332201815
4317035211
4354031051
4361142265
3366951700
4372795688
4344736093
4361801056
4359048119
4371740105
4321977018
4344776416
4350480748
4382674374
4338738019
4317470535
5063156911
4379821438
4383498160
4377021964
4368027582
4323221267
4328670120
4327346448
4382050831
1618803299
4361029444
4682077540
4371488135
4376654783
4381711972
4373907458
4377099245
4373021698
4381813454
4374822047
4367483001
4366445617
4331016805
4381314213
4380332256
4372732902
4376110121
4318507149
4378325366
4378247715
4958661072
4369549248
4365150451
4383773902
4329566119
4385135318
4374904882
4378630959
4325914677
4381343744
43698319
4586970500
4375400341
4383889619
4356368872
3227663175
4339064806
3135201766
4376742824
4328721662
4384504304
4394099797
4376993452
4313776070
4378133606
4367425140
4383671099
4371509946
4338890128
4368476706
4373884112
4362343083
4368867923
4340386720
4385065956
254999198
4352478541
4382450612
3337719020
4350446063
4353223880
3457562424
5080410707
4367405811
4346752024
4053141400
4385694331
4377158790
4378601423
4420064791
4378206925
4356382063
4382804751
4366977891
4376136007
4384158487
4380975021
4382421289
3304676045
4375986565
4383720076
4375475993
4379504374
4382972897
4381431837
4382284828
3017328338
4320010253
4328182848
4384952095
4353933278
4480651742
4383318568
4382389757
144766378
4356399919
4323010908
4373436909
4382295418
4357543118
4380939876
4353158103
4355954345
4377134792
4360131384
4321805445
4380095082
4384919594
4352280866
4325523593
4355207848
4379935601
4352071533
4322695480
4374796509
4334461967
4321636954
4365673504
4347977611
4385703287
4369829649
4346888854
4358790867
4348499111
4381327791
4356615988
4351586319
4377773214
4366479511
4360151812
4375822557
4379328053
4359366803
4378934668
4334778818
4378436718
4314824661
4357768885
4372303572
4363576315
4333096508
4354051390
4383893206
4316143692
1970129160
4362352357
4384237627
4379196947
4363274940
4378291847
2726745791
4373940863
4365761819
4376989377
4339191483
184272167
4385034803
4357814100
4322712716
4351746996
4369750911
4375267276
4376887202
4345368526
4348664237
4381994638
4345009051
4331365556
4366923667
4363794623
4372703630
4344572936
4379923996
4324915263
4383618113
4343911912
4382863712
4378843658
4333787160
4355509854
4356791828
4379477011
4361159548
4366925931
3056170821
4382979741
4377350105
4350444141
4378008584
3388855214
4378624710
4353394255
4380420966
4321210135
3884658561
4381590473
4381447918
4373646658
4346545193
4380214726
8157563
4341011447
4073606059
4355809623
4379840669
257454915
4342376483
4351942978
4314759443
4380246695
4378896704
4363954337
4362110235
4351506640
4382309137
4378893462
4385666456
4382551667
4324916730
4348511417
4360669491
4356798710
4386203256
4322378806
4350111435
4365926407
4353922221
4361226458
4380783626
4384526310
3915336408
4377980846
4382871108
4357711120
4366687922
4341776736
937595858
4387628524
4345949172
4374859285
4369042924
4328125820
4362393525
4380352335
4384717980
4376810085
4376358109
4378682724
4379933090
4346691885
4376994075
2058016191
4374221146
4372472558
4384548489
4345871882
3647544440
4369992317
4379078340
4378924288
4734802350
4320496087
4334328750
4346592741
4380557544
4317265917
4370776680
4371708849
4383231587
4673872787
4380380168
170156289
4335068462
4331716892
4377452003
4344467946
4380328854
4415232905
4666855902
4326744748
4371966585
4332726570
4321380186
4316665658
4369073803
315474076
4356090774
4329362850
4379194667
4358427241
4346252559
4314343185
4345516648
4338579835
4356656929
4337331233
4333211271
4371010947
4375415496
4379194616
4370008496
4379823379
4325455074
4352063858
4419705963
4407035714
4839022525
4319372931
4335840595
4314789375
4378330931
4377407453
4382372610
4350015512
3133728273
4324275869
4380233642
4366253809
4325597826
4381725604
4342403992
4380732735
4358599269
4372892066
4380888499
4339167658
291561429
64123566
1515379957
4317524926
4383834184
4375239547
3439757008
4373574159
4365901964
4337883112
4423285914
4371322774
4337762779
4386088068
4382855301
72010569
4383465896
2787638366
4326131514
4380340374
96559303
4380280876
4360343430
4384498085
4379680953
4375548257
4382860400
4361735531
4379061015
4314947575
4353475237
4377986828
4380260157
4371307660
4314205179
4392376307
4373638870
4343140300
4380931395
4314359413
4370955829
4362858252
4407041524
2659735567
4381161462
3464289006
4382771308
4383732584
4383265343
4330348016
4381900956
4367829507
4378197238
3250494663
4369889148
4336407826
4359368931
4345864970
2131109024
4359232623
4363245012
4376344344
4385897260
4315069718
4382732177
4369108446
4377807304
4369501284
4420509979
4347581356
4377234093
4381332154
4335939833
4376618022
4365398852
4378446103
4378362385
4353194001
4375354347
4318515864
4380497648
4383919171
4338430346
4336123188
4381705656
4362160629
4374606112
4380956119
4370339943
3518428618
4381885317
4316375220
4380324821
4377272223
4370193584
4376700512
4366965298
4344444562
4379373182
4384035593
4363765692
4358415763
4374079057
4365863294
4379083556
3545051349
4378189826
4367516440
4323034150
4378858054
4362796444
4365805247
4349096398
4381001560
4370260989
4380844988
4318737774
4375936185
4356122269
4345202666
4313757322
4369210268
4385408032
4377000651
4357365207
4349298981
4258347233
4382082424
3589880941
2152757376
4380229550
4363036726
4337244929
730474096
4370074425
4349009840
4382272487
2535754109
4368076956
4338353405
4384156181
4358232882
3040535203
4371072448
4370080137
4375886174
4356520367
4362694616
4398289416
4356991843
4333933670
4344535809
4374843311
4360630285
4379554455
4416868525
4424311945
4617211940
4345126445
4353749025
378688651
4334931225
4360241414
4378851948
4389762358
4380786940
4699909770
4346372171
4385090705
4366948067
4343861020
4383178355
4346453020
4370365127
4382190586
4374755880
4375630645
4352448042
4335842713
4372092013
4396220925
4361314036
4382255182
4382608223
4075282653
4380375760
4360764917
4320489393
4375679707
4401278379
4323920482
663554280
4370864708
2307521857
3011412474
2305352636
4374023359
4359296918
4376317740
4372777732
4361562731
2637310156
4292281335
4377371746
4370751691
4371555451
4386600114
4371336501
3245546169
4334774354
4351215716
4375478653
4376843196
4378842211
4380591892
4382190560
4377755072
4336965447
3577005357
4345417711
4315673153
4374111043
4381341878
4378743729
4378117974
4318268021
4325122615
4377017711
4315948719
4386130348
4706252485
4346406753
4360764937
4368789676
4365534617
4376346518
3625051696
3245509115
4379784904
4379738554
4377675192
4381285685
4382626411
2675098069
4406247011
4381226646
4360234520
4385060437
3553417377
4365256532
2745149599
4411619169
4376255575
4380448478
4384515888
4341142177
4379993571
4412579694
4350965179
918793229
4381852643
4375598979
5097038635
4374449274
4350957391
4315646061
4317874559
4380622953
4381863260
4377707978
4374394802
4380898067
4379772580
4380706693
4360139983
4376093932
4384791604
4379389139
4372819184
4376731410
4380147368
4376176902
4343104301
4317531211
4086467045
4376109862
4323200188
4290053635
4692524651
4384516997
4369379228
4348441602
4409102846
4356802723
4371928959
4366790260
4370487950
4350537396
4378750406
4379394804
4357368012
4248176327
4372615299
4373293609
4366138822
4337514062
4378815415
4375291387
4569962949
3257965511
3356272204
4364830210
4375054239
4318345503
4374750152
4366403652
4749939342
4367673459
2424936417
4375362701
4467689868
4317841214
2848424785
4324561655
4376180083
4384144602
4383025228
4350569132
2489552616
4365713911
4346003593
4421954167
4378916445
4326579799
4384323335
4382266921
4315660872
4365171797
4376193177
4372661019
4351981561
4366466968
4315131058
4381044259
4355968200
4359324327
4379496290
4382120437
4375990393
4371847945
4358632242
4314162945
4406244343
2451496660
4368733944
4318748370
4365474637
3822299115
4335235448
4158566715
4707344535
4385234502
4373490363
4371332210
4379569654
4378764254
4381259532
4318432318
4359539435
4393593394
4384618762
3255737244
4371106721
4385176722
4385718397
4330876769
4381844119
4383490998
4366102278
4346789614
4369703275
4347311665
4358715656
4315367182
3502162160
4379572175
4349292675
4369005306
4317602802
4377791059
4380890521
4385926551
4376569945
4345663568
4337991094
4380035202
2314496835
4375360434
1941254139
4377629356
4376852904
4353344255
4389341687
4371367527
4371472913
4375482471
4343112840
4362341911
4376625278
4371640642
4377354845
4341608305
4340435295
4377411574
4320452664
4346584432
4347771054
4318461389
4930275692
4377239879
4971074778
5075432871
4406017735
4344090570
2943500917
4375428533
4320033531
4356162434
4329393519
3329746016
4340749869
2750656358
4373293877
4372387022
4371375250
4377291327
4368943640
4781823775
4379308712
341166544
4380001007
4381320261
3159378459
4333683710
5144755274
4376088394
4359319315
4323468374
4367673840
4348199468
4346219735
4316678062
4136021934
2822756829
4341754625
4342719076
4352039278
4377162380
4375408545
4379351798
4334705167
4351495222
4416845606
4318812827
4407595627
4359553239
4356825985
2647233815
4329571303
4313158837
4340728090
4350837024
4381941408
4375835818
4365714926
66759796
4369595756
4379131938
4359494911
1762304171
4379642477
4365129705
4358789414
4381125281
4439442542
4320445382
4156393168
4382203434
4352736960
124305374
4317272518
4359217232
4371082018
4376960446
4380398624
438814839
4376461985
4380489511
3084612315
4385519015
4341675713
4368497296
4345017180
4334457724
2212755718
4337267880
2754928261
4378108384
4376187719
4382562560
4353534450
4377439758
4328284375
4377053353
4337980799
2352350010
4384182434
4382445951
4371539848
4381335363
3379290216
4380190147
3515840406
4384835067
4337085989
4318733676
4384379661
543780585
4343926775
4322017505
4328219916
335667939
4363511910
4359960238
4317595190
4412186979
4327707325
4373296506
4381125233
4327668008
4363332783
4357404296
4378194217
4356789653
4376208877
4359386799
4377101880
4316882131
4377913755
4331070191
4357916646
4359522651
3998707017
4333050503
4373442090
4380899027
4357080460
4369595780
4379871660
3931494342
4373057299
4351531896
4380924905
3274644302
4371159782
4378329734
4383881114
4368807462
4378311335
4343651172
4375064974
4316517290
4336178618
4365394735
4356585476
4376856046
4380367158
4380611148
4358820561
4940213150
4338645635
4352328220
4383275221
4326297978
163039639
253870640
4381908731
4381908733
4879041609
4374863521
4354282081
4353898054
4382336144
4368743174
4363384801
4362733614
4368136514
375665887
2511988302
4380119760
4374555897
4366487431
3224965639
4319060163
4374718870
4362100987
4383673489
227556144
3210980672
4346424471
4817185834
4380705833
4353782078
4383882688
4420108197
4315086691
4372542557
3201803656
4352687197
4379104460
4364256860
4383627458
4365744246
4379419994
4380351183
4365100538
4315334310
311322758
4318589997
4380825439
4375582223
4317186699
4385632278
4382733349
4377426430
4378120635
4384036986
4469991820
2460129178
2460129176
2460129172
4354779773
4381001430
3109790442
4318519893
4318765188
4314214149
4380693170
4378552695
4358351740
4363728945
4354864395
4365693782
4369993027
4362954658
3642156934
4374834738
4343137003
4333967731
4375205308
4318167882
4367669647
4368408697
4315864397
4378521809
4361806400
4349022559
4374435680
2988043423
3698499531
4319206682
4365694248
4376394813
4369673359
4366769180
1911742293
4383688873
4337479176
4338516767
4324644382
4363847161
4343801855
3626759099
4372743533
4367094119
4367635098
3172404464
694722066
4380934231
4367420560
4380035164
4378815511
4369050262
4383672302
4361858676
4376405723
4383178510
4117401460
4382274273
2520350218
4315797972
4339634361
4384251514
4350944838
4385127606
4340000322
3603554800
4337167375
4382048815
4391895485
3974880709
4376417356
2686121697
4380574642
4348733381
4326373492
4327784245
4380885131
4346544293
4373958835
4375949249
4342080213
4371862918
4326292593
52337655
4331944372
4334539971
4355601384
4320303378
4012250190
4370559231
4369600397
4375587821
4324531292
4379743430
4343490654
4366098824
4350886947
4384327788
4380186071
4382265877
4360705550
4372580010
4349694078
4359886589
4373997809
4380422939
4373537365
4367067510
3181300479
4380211708
4338913983
4373578603
4364678158
4375785580
4348895197
4378269303
4380434567
4319076841
4375246270
4349198370
4379321571
4352205411
4382109880
4315775590
4379884771
4360078138
4380794846
4382549724
4363839120
2873816844
4380719591
4383235872
4362744428
4382964671
4378202931
2178983320
4408330917
4381336419
4356986628
4383783200
4374429926
4381505825
4365187718
4381321353
4313801160
4382442434
4316203388
3396428432
4379981440
4380699497
4424367425
4357419517
397791785
4367253575
4374009523
4373239699
4380695330
4341713196
4384289930
4378658870
4383724096
4370396360
4362563403
4381913149
4369351472
4317112524
4360767817
4382052306
4367218745
4557958382
4368495922
4380528479
4376980654
4371858445
4368871419
4362472804
4315810897
3630961131
4383677755
4363614340
4374331124
4328449054
4382164516
4376590793
4385255190
4353748257
4332276810
4324448270
4379937556
4638012403
4419310863
1864704671
4378857278
4449249521
4370134026
4379923725
4343804825
4339527456
4382819359
4725586917
4377069851
4359188672
4378899746
4419470190
4341854997
4353836026
4382094218
4376107426
4348819960
4344589134
4377290225
4319646024
4357545010
4318674890
4376342378
4364263294
4379982532
2667469398
4371716534
4379333847
4378354177
4382511673
4317364261
2676673372
4367759165
4352786091
4379929053
4380604499
4374079314
4379120249
4341680191
4347422550
4381994407
4343286986
4383880847
4351974437
4368957569
4381140031
4356836940
4352279950
4380580746
3463617632
2829062795
384774955
4361166874
4386689536
4380746231
4336784391
4345081559
2803680221
4363953093
4317126261
4380931613
4354824461
4332538614
4344455780
4360878245
4378253204
4384283161
2346443138
4318983724
4376439381
4327215208
4380322288
3103539443
4117050964
4375818551
296893438
4358712527
4346426985
4367479615
4424206692
4373820529
4373371363
3006277862
4381972697
4385316560
4338298920
4380161519
4380621503
4378700627
4517327279
4363631797
4379156404
4344433244
4380124936
4380580711
4332931885
4359617928
4379952624
4381908669
4379592182
377623636
4370861200
4382384237
4375270208
4404939964
4376390633
4370527572
4384040372
4316196285
4330006718
4378616748
4342789011
2515705985
4368886408
4375014161
2286635801
3791570580
4326236655
2570533843
4353659607
4383515022
4381549431
4373321398
3056384084
4360757491
4376219787
4358009570
4341486225
4385664157
4354686109
4419384499
4365412795
4366752331
4384636794
4349610467
4423320265
4385490261
3423673525
4409575229
4346644584
4344631444
4378640351
1139393530
4376623842
4344714927
4349828650
4369296027
4360044002
4359947952
4067362830
4360204117
4368032700
4369993191
4358917620
4370570888
3601186176
4364894743
4361691128
4027491253
4357177191
4378217209
64251170
4379014328
4379823163
4365071066
4366949353
3723136688
4379661845
4383512176
4323309998
4315136581
4325661500
4323169281
4378416228
4316742125
4375669189
4384449514
4323008605
2046724467
4330669545
4372314043
4025236982
4346176750
3870196375
4380638350
4317955768
4376991173
770177718
4347715009
4379539397
4367562760
4315667436
4371539719
4791264165
4383146937
4374790279
4318461537
100855729
328173389
4375208578
4360231714
4380312918
4378979655
4378963540
4362659926
4379393431
4369864492
4353988871
4366039953
4376730038
4377952330
4340423492
4316761337
255549199
4381815561
4374635822
4371428303
4382094396
4377052183
4357094211
4379947119
4376742471
2456624613
4320013350
4315648431
4407864351
4338000613
4383808171
4367064784
4358418648
4342223852
4354275805
2936295941
4318185328
4334332465
4380978445
4360169700
72208278
4316768322
4376346729
4362049627
4319027912
3696152069
4336924001
4418876028
4422683914
4386046043
4325755480
5020603748
4382600968
4332734567
4375956581
4316262133
4372510789
4357084153
4380374816
4345827233
4357469621
4369616336
4383086445
3599928080
4383384680
4374035948
4372713368
4378145403
4360371643
4368801802
4322923738
4372299374
4355659122
3815617627
4382121809
4868764100
4363688792
4453270767
4341425235
4357103118
4373510663
4374007405
4360480276
4382187766
4375025111
4329628290
4379024044
4333792043
4326478091
4379101351
4377337877
4351539574
4376905856
4379991051
4375467642
4382606732
4380712246
4386745408
4350058522
4319517609
4315681182
4372622922
4371491771
4317860700
4343063183
4374046723
4420473651
4381252785
4180204501
4373518140
4314568895
4345913746
4315114595
292067668
4382724034
4377778609
4320958771
4368875807
4345319688
4381847295
4380716118
3665397288
4367002281
4377449745
4318590406
4324228442
4376007127
4315371346
4379753336
4381684670
4318574404
4382753627
4316230237
4378671462
4378332635
4325957883
4381536919
4323864227
4324921406
4384037802
4320952201
4354143851
4332186166
4383673343
4363130528
3788083324
4360877801
4341641490
68964826
4365693661
4349656987
4379329076
4360140957
3242468243
4332205122
4334268592
4385186328
4320705691
4349079557
4373100817
2856930775
4349211997
4382100595
4380178602
4382942821
4379423334
4337695328
4312976227
4375217706
4349391017
4375426205
2278263583
4382190300
4362662513
4315203097
4383248493
4377289441
4319639235
4366903221
4376397549
4374453143
4379271702
4383552060
4314712529
4355566532
4383658618
4373080802
2934648907
4381281754
4356502349
4315095652
4368815405
1603661603
3955659528
4375316106
4382876178
4377217294
4341025192
4337458067
4378812938
4940941546
4385299276
4319384238
4328682049
4350476146
1742669547
4426827820
4333106376
4317683042
4321903496
4378838877
4343028002
4382422689
4379677769
4322302342
4340062451
249238862
4327273368
4379899167
4358964547
4341270645
4373133983
4365542656
4335800789
4378945747
4344022853
4340642726
4365072791
4338001569
3043532350
3240517310
4347406326
4321694451
2491228172
4358521583
4380468959
4374796801
4315555746
4320068901
4355033150
4382122546
4317198384
4319820686
4381241811
4376986223
4357004422
4363108981
4384158571
4382085702
4345217385
4355576099
4851593090
261136525
4361945751
4378959112
4378116685
4369917441
4357312211
3758584336
4320450730
4359327769
4360456662
4320719547
2056118299
4369879235
4371497811
4330737879
4378185778
4355877978
4316138194
4382733501
2768677927
4332750269
4377353520
4365132050
4381997026
4358876817
3454261699
2256288864
4358278130
4345365003
777565682
378170855
4352052370
4338853331
4374397962
4673484055
4375474311
4418718125
4386324064
4382191447
4378857166
4380570220
5081584668
4379810573
4372271968
4470523768
4379949082
2870087751
4360173459
4375307777
4379454706
4372130315
4363706415
3951270163
4359313823
4370661468
4381439999
4366410366
4367154782
4380940830
4368898020
4354676506
4317456664
4375597170
4364834312
4315462749
4336950488
4372021805
4356638126
4377359839
4825113119
4367487451
4379454714
4384691614
4369035219
4376004923
4353847522
4361960778
4330192876
4355905593
4377946098
4358303864
2642018194
4384326110
4352855386
4375980435
3901076625
4372271946
4378924018
4354743713
4385429198
4350962607
4354592876
4320808115
381910631
4338795194
4370679083
4362355398
4378532754
4344921578
4273766696
4332137452
4382545296
2427491873
4360186005
4380580848
4353810007
4357094156
4335326322
4385489947
4358726438
4370426304
3640851879
4381156503
4369830169
4366621477
4357529031
4483029244
2577748125
4320408376
4328448696
4341801163
4373095826
3769484461
4376830642
4333788518
4383498226
4374910999
4345204659
4358001319
4380408265
4382172780
4371546726
4319418443
4374052900
4383141304
4378150415
4376533861
4370380968
4423371171
4309685067
4795725726
3221673013
4383905166
4348104035
4366610537
4377554806
4348428333
2810686014
5019174254
4375935500
4381033055
4751590783
4385882042
4315365347
4361564382
4365010821
4371586842
4377100618
4384024838
4353705235
4368475181
4372237798
4334199940
4381457868
4362766333
4365239353
4382688517
4347400594
4316793474
4344100444
4334812833
4381861239
4333571533
4362482951
4328844664
4364498855
4367315321
4354562074
4369397272
4383168832
4345963305
4378530028
4362874462
258523477
4355931793
4342832351
4339870928
4377206759
4382587813
4384479464
4354092121
4353427670
4379743227
3059773962
4347369884
4386012769
4376221031
4329362319
4322917924
4381019365
4374734734
4315851022
4381494616
423097866
4381704763
4353717911
4381492392
4415832635
3063364569
4380092261
4378234516
4356061623
4384282769
4382553453
4373131209
2740546541
4383026617
4383317910
4376980014
4366403084
4376841362
4383670945
4383497900
4380578617
4367999365
4375074163
2966731277
4372733648
4376372309
4363444938
4377399698
4374864414
4386078408
4357442641
4382540841
4323219883
4357865093
888384246
4342554441
4376285969
4358270172
4381161110
4369132752
4370569737
4322803179
4402826488
4360578277
4334802287
4378325778
4347460335
4316518980
4345710698
2773038811
4012183697
4373277671
4384424293
4368459409
4378214310
5077541581
4353559848
4359041197
4382874597
4414427793
4378395925
4358333033
4368200556
4368445661
3560338315
4379947253
4367083628
4349385168
4317397556
4344749497
608487987
4380397737
4383046979
4371944510
3930711975
4384659685
3522081907
4336188083
898492912
4344520596
4333270817
4160655915
4378745302
4326594107
4377309010
2799653446
528190549
4350126840
4384105682
4359618368
4386538936
4230866867
4318299110
4353868152
3101976239
4361495688
4328005803
4318737416
4349474100
4361111564
4380397709
4374178061
4379360715
4340640064
4379361339
4384281655
4380712540
2814302879
4359713121
4322195173
4380545263
4380896266
4319771405
4371240042
4992193902
4364327875
4376234450
4381317993
4368215159
4353699767
4373961698
4366536704
4371136727
4336433555
4363140304
4418794406
4381128845
4314908153
4375875205
4379972880
4368258964
4380408894
4384793462
4374468477
4357704262
4406275969
4382307565
498914405
4371723735
4373249796
4379986718
4350113304
4373118266
4316627497
4366407602
4317701706
4379575969
4363869990
4372310976
4378058953
4377406409
4329839203
4385033395
4391038261
4373118234
4385714900
244736506
2974763316
4357713772
4341857069
4385342010
4374349851
4356432826
87849046
3616575663
3210540044
4318422511
4366218800
4381027284
530439608
4383180692
4376305728
4347124518
4363288382
4368986853
4380113996
4372871602
4370080651
346725022
4383427703
4380034629
4315905698
4378768584
4370854151
4316769447
4315324286
4315648769
4434646954
4347590664
4351681927
4420065831
4370031517
4369432440
4326917922
4343968903
4378018363
4357566962
4153039817
4341512230
4359536853
2585133173
4382377684
4315953371
4321277866
4371100175
4380037976
4368105210
4340020890
3013541506
4357382512
1242740427
4329632814
4666000900
4367319739
4377338041
4386045520
4313709292
4375414427
2194607075
4371842275
4367365513
4380097786
4376404869
4371696585
4330737591
4376573150
4697380658
4368879095
4383631820
4135260823
4371995633
4322720512
4349035941
4341798377
4376842980
4386612727
4340984345
4376384868
4371627163
4379045490
4317222352
4378804986
4365148223
4375800890
4380654052
4379819240
4366614369
4336537353
4372429063
3388666072
4373704652
4355786356
4314901966
4379659500
4363737333
4379840241
4376132071
4372715657
2799645408
4376056213
4380437575
4380186960
4325370031
4380046106
4375501384
4315785027
4382000584
4366802876
4350977424
4377230706
4370295041
4420884108
4889533023
4363793169
4359188448
4362913471
4382752804
3769489471
4381586428
4368480367
4328123101
4347405564
4383566598
3407428685
2290238931
4316918126
4050711660
4333619573
4377105986
4371729006
4339206164
4373330823
4378085536
4316481340
4315794539
4351746507
4376566608
4379201480
4362285067
4406952306
4378017229
4385733962
4404390714
1848813676
4379163262
4335690047
2312887236
4363815448
4315849241
47937108
4364981396
4381838973
4378444565
4415180031
4415999078
4362912325
2824865028
4326454672
4348346890
4366809695
4379987591
4423493541
4385429288
2361744310
3514709022
4373298954
4381310285
4126613449
4376305666
4380097716
4380459538
4378159352
4329916888
4353387620
4382550184
4383565027
3267671563
2204855216
4323278454
4383994707
4365665827
4534721514
3027267685
4356891265
4377034488
4376005741
4356056465
4376995306
4379591870
4337282006
4359444230
349452309
4192586177
4359961010
4342808965
4373149893
4348800537
364287724
4382792583
4318879304
4352038461
4355476391
4376009410
75416840
4346995837
4331307192
4393592174
398687543
4365632695
4356963218
4333494474
3843869285
2775693677
4380745322
4326333458
4382154876
2443353657
2249623639
4385044342
4354145353
4382205090
4421850506
4381626263
4380675298
4339510086
4384037060
4357093700
2459928503
4335157334
2721469309
4365495446
4357237570
4420850055
4346868691
4375605354
4383107053
4381472877
4415831099
4380856674
4374780762
4365992213
4357354536
4357805027
4918358038
2270709976
4380766748
4381024394
4336585464
4376929351
4335551212
4385926245
4372798213
4366407594
3133435214
4353965231
4386045568
4360978214
363643380
4340973720
4317594657
4375769350
4353615527
4338647101
4356806812
4374759234
4313753502
4366434046
4342256251
4368649485
4373122158
4368009382
4379471282
4374991207
3947383369
4367539453
4780732248
3568078001
4354364040
4377659924
4614705013
4369746508
4363194692
4381992369
4370712023
1709567191
4365926006
4316232529
4316098529
4372673660
4355231492
4379084714
4384131521
4354280553
4380058485
4359569390
4415833137
834283077
4383248627
4378986522
4348496811
4379889014
4372906812
4384125869
4342424012
4338957067
4383403240
4364374092
4373308045
4379593014
4385795268
4359667512
351776799
4366757271
4384692926
4373515257
4319719130
4380211874
4375398679
4326870115
4376149063
4381171874
4356426284
4365256188
4350066248
4345609786
4328874845
4366563861
4317446020
4362565395
4349393469
2457713122
4334740640
4059323557
4375509519
4365942628
4378873577
4968157010
4383650325
4382440934
4342748293
4356495062
3592571491
4365931260
4378658926
4369752803
4362263391
4337982224
4357771563
4358495599
3655904442
4337134149
4384753162
4358401113
4313943548
4383514150
269668602
4338701085
4379128771
4383737865
4362599306
4381573978
4376675245
4358141423
4373669641
4377376415
4382101801
4358693861
4418378006
4383124580
4317305688
4344572590
4409102335
4345970326
4320528593
4319208671
4380686193
4372888432
4318971954
4365074032
4305682702
4365453807
4382585649
4349160951
4384354167
4379340089
4377272675
4379568598
4317338547
4322846943
4376617896
2369859851
4370633838
4322278236
3271311913
4316746131
3926721302
4324896963
4333271539
4383029005
4330263731
4370569841
2347140752
4910142417
4023227982
4380397626
4367604856
4357867305
4895772462
4314726627
4357643192
4336449524
4318670450
4121998028
4337627487
4362465962
43048241
4361441471
4353776592
4379697267
4355390107
4376693561
4382455433
4379574731
4385676558
4385116953
4314882240
4319340433
4342689978
4353466831
4379444227
4385728557
4337474614
4355033839
4382209230
4379198470
4332590690
4359774256
4344039147
4335447139
3009641550
4313771736
1491091449
4377242067
4379621037
4377006979
4355230311
4328415917
4342282497
4374082241
4375983431
4356593670
4381865882
4376549109
4383679661
4373499967
4385377756
4383491108
4380271552
4362295968
4361499361
4380020893
4383404306
4380826580
4373520363
4322843235
4379326426
2677507661
4317209489
5053496898
3968579741
4379638583
4342795448
4371608204
4367677312
4374884336
4332855450
3378646502
4381028660
4368500036
4417613801
4376345862
4237563134
4382000758
4344573182
4358865264
4359057049
4399677997
4384333396
4357593625
4357251276
2657298826
3076743588
4373566838
4378133082
4379305684
4379950346
3301589730
3650845680
4350201762
4377139990
4384030021
4339499593
4325605191
4377156092
4379340013
4383339965
4337967246
4378657811
4315978587
4325917398
3988969130
4318655316
4360143316
4342365960
341508601
4366565105
4327800302
4380571190
4164889243
4373885375
4351862742
4371233375
4384157773
4324942503
1451477928
4379486349
4375466748
4341565260
4383673547
4385369449
4349329081
4606443539
4366437483
3398049702
4356737502
4341531627
3932458717
4348419639
4371583235
594446427
4640155265
4357045613
4319343088
4380398777
4370397587
4357448064
4379533980
4314604989
4384305407
4381038121
455909061
4314738953
4315587369
4386323128
4381344918
4378163368
4328913484
4374008746
4304756783
4386777160
4342756855
4362115971
4350436502
4377867157
4365653568
4431717737
4348850463
4372574709
4375102636
4332553284
4353988264
3805719611
2768615896
3383430104
4375083973
4383717070
4338650171
4272317509
4381195030
4385126399
4333372948
4358913969
4384431702
4385135612
4385369953
4381949860
4361436273
4381076622
4353951508
4420468160
4340410829
4384392327
4378333407
4330845732
4373965041
4371980502
4319312011
4336876232
4341485883
4389603227
4371009185
4372184924
4368233232
4374607762
4379242140
4380186601
3537721152
4366824660
4380709070
4374563309
4366857260
4357509405
4362957985
5083009070
4317606480
4350752275
4322457883
4374406964
2452340615
4379992894
4336877752
4366373799
4381552963
4997601518
4320709649
4376788103
4771478926
4354497834
4379998233
4382608665
4379865782
4316297033
4351761754
4362712969
4379086713
4356517431
169528491
4382676310
4380775029
4369643707
4379893095
4363277296
4334265643
4380797072
4369287107
4377209403
4381990955
441922501
4421271388
4361737155
4382791112
4384933736
4379636342
4378776261
4336829861
4349702089
4353897842
4011662834
4366974705
4325114409
2550259055
4378529212
4380707766
4339984623
4374088071
4360110864
352821522
4359364895
4894995891
4380020907
4383809441
4315927862
4375479713
364577440
4316250048
4360554979
4376143254
4380765508
4376746927
4321413591
4356538751
4376889829
4335056578
4316082697
3416710289
4384100044
4352151263
2421183523
4359733058
4356376218
4415195108
4360388085
4367966996
4368335766
4380505537
507179933
4327784555
4346396454
4337633053
4779301801
4359530870
4355147061
4346779797
4382768066
3361754879
4358323379
4383288149
4365043003
4376609873
4376513338
4338392422
2656316085
2647981746
4320475922
4385325213
4331956903
4366819075
4377373498
4370347968
4442271169
4374151350
4356736398
4373824049
4358725522
4383642082
4375394019
4317122315
4333211714
4368743898
4435855122
4327163005
4329639841
4383937721
2969240236
4326556059
4330347955
4315179111
4359398741
4316781080
4382946275
4338796403
4420874772
4373851073
4331962946
2311947370
4375146210
4374497473
3508334839
3052455450
4378917977
455906396
4375769249
4370810915
4319419720
4385121930
4380742566
4361056018
4352106323
4384048190
4321972218
4382104160
4324359885
4359490794
2370477712
4094056300
4359981216
3196570315
4333058933
4382091231
4367155678
4380870763
4381132115
4352151202
4365506513
4382953250
4384971285
4380213280
4378854066
4360051202
4362287922
4356361298
4347691286
4315008431
2025185777
4368023420
4318466401
4318844257
4354277679
4331129934
4383074443
4352892068
4328007151
3051662982
4382275056
3741909099
4380970101
4384494905
4342112938
4375433409
4381837941
4329299820
4353817384
1196782614
5064175454
4372773927
4700918679
4358553772
4363347689
4377213255
4330089332
3391398681
4352439558
4369590690
4375339391
4366406866
4369999595
4324645528
4362082786
4404173817
4356798460
4343367592
4374981804
4355231344
4317596244
4336927026
4378283821
4375462548
4361117084
4372059165
4376306571
4357871411
4359160823
4356382697
4326614139
4363371240
4387672156
4396760499
4363406632
4385649030
4335283626
4380615180
4415233397
4384038858
4383732210
4378486173
1067574225
4384659469
4368356196
4316969816
4346779653
4357329334
4380475366
4318061143
4384541340
4377330867
4372633830
4383577682
75661005
4342019900
4360412997
4380728344
4353038473
4381798601
4380728342
4382911215
4316603069
4320280354
169978695
169978696
4368882869
4340784252
4377469193
4322306107
4337241320
4385090851
4376519706
4351481851
4353443712
4358155321
4380737227
4380856809
4378747278
4411047241
4372662261
4367477062
4379695716
4386825542
4382896090
4335003222
4380792796
589263895
4380529179
4380043205
5095677742
4376032009
4324662843
4378291155
4380071203
3548269696
4379265633
4350067436
4379060275
4380436033
4385612048
4851936238
4382137342
4374228542
4373280855
4380990911
4380566054
4379958451
4355719330
3904574775
4340179405
4375476339
4326561407
4379301345
4358798611
4378000959
4334587775
4367486957
4363933699
5038841080
4371470453
4380710462
4347708753
2239629698
4376159904
4325222563
4379989571
4376511028
4238466907
4344120736
4382206410
4381277134
2812761310
4378413051
4315022485
4316211393
4351929723
4356567825
4349206124
2344427425
3584564087
4371371386
2545852959
4356759943
4343829697
4354735483
4318116720
4373855335
4345649268
4382459373
4330569013
4314928340
4345772582
4336765921
4384515290
4130468608
4323921190
3190123466
4379812297
4371571907
4382789734
2829898262
4357497727
4385260362
4985667417
4362028465
4359589302
4322771832
4342555401
400539470
2858799394
4371756686
4327773712
4376336166
4358750718
4805046793
2675493782
4358174921
4347251342
4320575921
4355991687
2184955477
4315568267
4349656463
4381229078
2271209776
4364819668
4352379188
4319049724
4331127228
4372119211
4366968440
4409095923
4339028095
4368403832
4328400627
4375872317
4338538459
4379735696
4359031809
3058788636
2724606217
4334703244
4381436179
4376125355
4380037782
4366491191
4378181085
4422521185
3865573781
4333352304
4376376521
4381352937
4349219171
4372178234
4378762614
4334815508
4318506357
4383124692
4326758327
2142811910
4379467672
3673952630
4454046126
119756571
4366743371
4379569382
4364389394
4345420065
4361115583
4381436197
4317188524
4354588488
4331002032
4318015076
4383342217
4355875493
4356691684
4707638761
4374867004
4372663774
4329469325
4332961945
4366162513
4358966330
4016927607
4346763666
4365718946
4379620053
3441325739
4376108129
4299980217
4372886226
316372042
3730976788
4211181326
3705008020
4384479638
4381590332
4411623047
4365405606
4383642304
4336539777
4380352691
4383498856
4154897659
4343695877
4343889691
4345321203
4353023215
4316497784
4375767796
4385043046
4423372309
3682191831
4320152819
4365190397
4317139241
4378272431
4365913876
4335051438
4380707408
4382724752
4372744637
4366053717
4380926465
2523957660
4361343198
4350530416
4385986841
4352427763
506698242
4368205932
4029151780
4320083040
115462438
4321865045
4327371105
4385519505
4369998181
4380282160
4382792303
4378158038
4368456235
3304084267
2924956480
4374470037
4366670297
3828880605
4366243230
4325085026
4385051946
4361510024
4378112903
4359075040
3187551553
4367365329
4379950004
4883245757
4380695759
4365232600
147589703
4426827320
4315544788
4353115557
3229021908
4370315165
4380756192
4335290690
3758383474
4325604116
4380768214
4384355613
4314166695
4383268151
4376123199
4381833840
4381881493
4381804891
4377046052
4357495542
4377454549
4382613570
4319582031
4375605554
4339767080
4375585264
4372772717
4414698215
4364854506
4367007581
496267967
4348618597
4347730138
4373325415
4365986109
4316802596
4378188041
4354501600
4416873135
4380144649
4388750260
4330783152
4333459981
3455254382
4349796395
4379109835
4344074159
4381799660
4376367796
4381280550
4334756787
4381021323
4371980871
4352753495
4385048471
4408312774
4379198196
4382264317
3656849977
4357545438
4335118088
4378017436
4354812313
4369602927
4371778325
4372226639
4336325749
4348181222
4384937744
4382092464
4385433437
4380691226
4359200950
4383563545
4355458681
4342473838
4315893590
4372820894
4343865540
4381201624
4343336201
4327105504
4370751347
4378425479
4463277746
4358756464
4377409931
4372138092
4381230532
4374590268
441186319
4366974421
4339070142
4335908133
4357265372
4352331512
4374519211
4367166955
4319317077
4378223976
4258139405
4383374895
4319604272
4365809181
4378942662
4415248593
4379843248
4381591892
4314432079
4374453492
4378250863
4337808991
4352753459
4372003737
3356216100
4375593772
4372628593
277094883
4360421073
4350451265
4376057553
4344735986
4380532020
4379197043
4378575959
4345414453
4380677884
4340971881
4343909962
4314915560
2784322454
4318551949
3998930673
4385307122
4363707924
4362414978
823412334
4380735973
4384134094
4380829193
4357364053
4316894245
4383610422
4383555956
4379197031
4343411809
4338328227
4359189788
4322331543
4370895550
4378031974
4380448779
4343411804
4343596678
4360491590
4376856493
4376362878
3296010329
4378009155
4365951139
4367348194
4362420766
4372276424
4380532044
4380675048
4688551070
4315176122
4376612245
4382440556
4376941991
4318898400
4381668358
4438622785
4341137856
4369735432
3346336558
4316123580
4325036537
4333492292
4384558587
4339211614
4378216267
4381669890
4373854182
4383688475
4343883061
4017963749
4360260664
4344971941
4317277463
4360949155
5010425018
3544443317
4368919318
4376226878
4376838034
4350192377
4351204296
4379091276
4381313877
4317024950
4363257204
4417637372
4338278370
4368410290
4382970359
24321562
4397239643
4376074203
4376356367
4374228496
3614454477
4317994180
4346173354
4376097321
4364387995
4346686965
4329204766
4348500343
4346620874
4370695898
4323696248
4372179468
75237854
4376774354
4349195294
4380718839
4332941759
4176081078
4363015061
4332279984
4373280781
4383030952
4357601547
4365694558
2041198713
2945515476
4379304757
4316586025
4379555355
4367837367
4343713717
4333340861
4374580920
4379183447
4317719816
4374998419
4373778698
4513980702
2776957488
4350810918
4364079863
4353896476
4382482814
4361474026
3768399235
4314614407
4382505706
4382206304
4339644013
4642068319
4558552963
4347744016
4359618041
4349982932
4384399527
4378190597
4376082069
4368026864
123233354
4341373935
4383547268
4383191770
4372281497
4373481874
4350297285
4385775869
4332952323
4318212952
4352288208
4377930735
4385900138
4325161341
4316406551
4366969407
4374023527
386466399
4377298693
4315110039
4386202816
4344073875
4384101412
4359685794
4353962260
2855401248
2436587006
4345165998
4316199021
4382231659
4380728458
2681736970
4337920875
4316156171
4381302860
4380566172
4382619026
4376756510
4352302421
4328713039
4320155809
3990199818
4369219094
4358600386
4349996817
4315425087
4344723576
4385003580
4327074317
4366741364
3343802779
4330124488
4378265987
243135106
3974013638
4364906309
4373724565
4357146890
4383133976
4379715634
4120181677
4384887225
4317124749
4370798658
4381184318
4367485735
4375966783
4375713098
4380046412
4365916384
4372182418
4374999973
4411506335
4349765816
4382627363
2443360262
4336147067
488522182
4383393782
4353206919
4322847790
4360708597
4362081013
4378818423
4344659072
2487097078
4375644463
4365754055
4331965160
4369221488
4345157821
4346103887
4358695831
4380016537
4383393750
4317427408
4379388385
3067172885
4344519722
4376254803
4337434667
4378010311
4391888389
2282376244
4382667904
4359128975
4378782819
4383274206
4382650601
4334246306
4341560111
4345837945
4338180771
4380579848
4373202295
4385721044
4363815898
4344611428
4334875119
4380395212
2120876744
4380063783
4370397377
4335403263
4320555854
4350856372
4382613710
4382484094
4325464342
4352512343
4377359432
4381107267
4374051342
2166953585
4130400015
2799487043
4382111198
4318495808
4384941883
4340387940
4357746853
4369198534
4357508750
4351904670
4382735380
4374063472
4375151983
4314818133
4380037674
4383779020
4350234933
4384459264
4369231970
4357954698
4377709990
4354429896
4381344786
4376732732
4351543192
4363051851
4372295390
4381312339
4350458485
4376334690
3745055854
4332158686
4383545026
4322689980
3253743092
4353588415
4330992628
4829188900
3951571950
4323140685
4336123799
4993605173
4332245047
2683212851
4372128882
4382268184
4380838867
227233219
4354500692
4317062707
4373959725
4340023576
4383368318
4366961968
4375413051
4384746438
2926372660
4382620472
4359775997
2977173764
4335190993
4315428357
4350191381
4376039843
4357448218
4385369755
4325892870
4335295189
4422963543
4347491219
4323310580
4379123255
4415996270
4402541765
3493000349
4322466189
4316569553
4371431311
4273559659
4337967417
217013844
4350829747
4360129968
4382647725
4316499841
4378140031
4912776230
4379103000
4385836639
4367487015
4379238624
4378738803
4382411053
4326596677
4378671930
4372044047
4354407534
4377141258
2973659181
4370489723
4368154838
4369767407
4337882870
4319884927
4374393962
4374942340
4383230755
4208693423
4354672820
4329987717
4370949797
4376583948
4350097231
359044905
4384068092
4381329671
4364601918
4324920764
4382484032
4316302051
3117528286
466373832
4355790503
4319335416
4379573873
4368166394
4358481628
4379272054
4359110590
4380927497
4381354293
4372279007
2440497240
4380058111
4352149760
4360631553
4352735305
135042638
4369605808
4359611605
4380747828
4381551665
4383723928
4333492196
4376515527
4377130426
4361822430
4376056398
4382812730
4364602139
4334139251
4381959096
3488313185
407136800
4356770635
4411503313
4372926894
4380999225
4380520522
4379172971
4374965572
4375591384
4314457825
4411052191
4353131130
4358228764
2829050467
5054072673
4378483190
4382710925
4316848119
3316014956
4379072680
4368004376
4385823576
4356007899
4327816102
4374987405
4379060237
4371716035
4350139428
4376938805
4384244994
4463277628
4340298474
4372276334
4375575675
4316726440
4396484721
4383704939
4366615263
4381211044
4356342099
4314950391
4356767651
4379559961
4384135458
3306609667
4315945022
4361879777
4346470740
4380542912
4332934177
4362222817
4371540875
3681129619
4365531406
4381010932
4341035900
132301288
4368970046
4381585200
4366758601
4317258160
4363809190
4383511141
4385649240
4378511592
4345724499
4367268537
4336950028
4383015061
4317845140
4380417025
4352732354
4382651250
4382718406
4370963059
4353854113
4366443513
4351427327
4379741645
4382882535
4347616502
4382863472
2667991162
4378216127
4374716121
4353418431
4377949804
4323963181
4384621540
4351533906
4360285855
