4316698280
4354907117
4314345389
4359495394
4337244729
4367694739
4376902520
4374755785
4376853039
4378567444
4342673223
4343818719
4355173930
4365486120
4331464121
4351873781
4353043381
4364389134
4381335594
4364709129
4366710667
4369594181
4376077679
3415447262
4364656971
4380127611
4361593379
4347489119
4343185571
4378031976
4349330737
4320108433
4358306281
4378681116
4352032818
4375150128
4355913689
4356183178
4355469757
4380364284
4321574741
4355595417
4380701618
4323421628
4354429894
4346620028
4356608234
4379999849
4335014781
4375149173
4351953569
4367309398
4372915691
4380799052
4383231417
4372744595
4321268197
4352330982
4315156203
4328304020
4383938033
4345814884
4380678724
4376906926
4333798714
4381322236
4384889247
4350185943
4365407336
4372853702
4384889249
4349786415
4381714764
4371124518
4380689421
4382342500
4376679178
4332735316
4333969837
2297438288
2405330222
4382087594
4385538411
4361534185
4375537269
4351161774
4381818553
4373806370
4453266637
4362501907
4379533056
4362782157
4377734359
4368286808
4384519454
4414424811
4415195124
4378119676
4363879400
4336665971
4372816743
4380791132
4382925742
4383500180
4314659823
4336996973
4366217746
4372699475
4377993159
4364743027
4378907075
4372851974
4326286896
4372243797
4340665988
4350602282
4378211111
4356134146
4349120094
4340882162
4379503264
4330260294
4371390528
4360066422
4357865194
4384230850
4379972749
4343627133
4377854164
4353036212
4376669790
4319667403
4368164393
4385703401
4380411165
4336684288
4318310010
4365798018
4384365798
4341318723
4316918846
4382412105
4361536719
4316063881
4381704584
4358222976
4347997125
4381331161
4326736065
4371389557
4375994871
3451798814
4380586121
4375367449
4379010829
4377188437
4363440226
4327308584
4386197330
4371011891
4323704184
4380273738
4383109305
4562070493
4378003077
4355986665
4341871279
4329204432
4373831368
4372495458
4376715324
4372086374
4380913230
4351324499
4315929796
4331515393
4379713048
4383716209
4380275512
4376615986
4380095595
4364722945
4383659979
4379422146
4451883275
3848232196
4380800562
4381226446
4373993038
4380158748
4374052682
4330678585
4354142926
4380252845
4328773505
4378927515
4360053172
4383344998
4358487973
4341322801
4381671972
4380082290
4382551111
4340396340
4368430938
4375984635
4385648916
4348746513
4362347663
4379821779
634498131
4375659748
4380855694
104533575
4376602648
4380774650
4317925056
4375567045
4359961577
4377073156
4372554372
4380047068
4351979255
4357576857
4333122036
4380426285
4366565365
4382119735
4355014447
4333832285
4602805654
4375845680
4365617229
3377006165
4357297009
4384089063
4416792536
4379837299
4373984127
4383490213
4318544658
4381281183
4378897973
4351924993
4376311775
4384498946
4349141888
4333949484
416492562
3800193198
4373965858
4385282755
4370341691
4374855937
4377644286
4382806427
4363886528
4377567679
4334738975
4375925447
4317918779
4360982189
4372622122
4387671770
4354891003
4368030803
4323737991
4351280278
3682794235
4336892398
4354667838
4342311151
4377945424
4371581186
2932410766
4347401090
423540192
4349231873
4380737667
5082782334
4350656983
4356359149
4351702250
4833647638
4365078356
4351947687
4375629945
4382230212
4318250745
4350052746
4373379822
4370627347
4376737550
4370582601
4377056624
4318100990
4337422977
4368873280
4377017033
4370781841
4416078233
4380260510
4418704471
4385646339
4385880784
2266340817
4341661487
4379394352
4366853258
4378186424
4385082192
4317210888
4379300436
4381297571
4333957064
4351637699
4382682440
4383678175
4381899186
4363532989
4377668273
4326853754
4329889204
3399080466
4383660891
4333347830
4322322941
4335201075
4321063628
4379588192
4381785916
4378300687
4379080712
4341278991
4325177973
4359779134
4435090563
4366766182
4359618018
4367606125
4316954473
4334773239
4359013302
4323860417
4362072851
4381534665
4315292103
4382850519
4420079492
1282542580
4383196534
4412273706
4314571271
4381046363
4362448307
4377765562
4349491132
4380277309
4381477690
4375235655
4354585357
4316129377
4361057266
4345158559
4377034400
4326556140
4367084868
4374268712
2906983927
4356994832
4342654086
4385358343
4358205629
4368875815
4320305771
4360132384
4376837036
4383790206
4372362351
4356592262
4384001841
4375299666
4347498809
4356736450
4381103594
4320256302
4316650248
4377934762
4319138667
4348518005
4348798637
4358037531
4344018387
4356293518
4382882147
4352123349
4365175649
4350785648
4377128796
4331814000
4376443519
4357516354
4408784683
4340996136
4380895684
4372354721
4336448010
4327010210
4381327899
4314575601
4358897363
4349717876
4406951626
4318120508
4379065103
4383285379
4384211714
4379813223
4378711561
4325661020
4370748435
4378850422
4339804835
4331024733
4373902983
4376733118
4166137793
4899991473
4320163337
4347586328
4380417382
4380392270
4379019284
4383940276
4347009851
4358839495
4384920678
3434538460
4383512216
4347971461
4358303181
4361917701
4364127174
4372683076
4363853684
4376317971
4375105464
4315918192
4374452024
4376504974
4315110960
4377439267
2232661905
4328895970
4383369462
4334933703
4383530095
4381288698
4319970919
4353685013
4368829068
4327566892
4382122358
4361509073
4382689801
4329162205
4361598938
4369863862
4378529281
4385560487
4380385083
4380709436
4358400201
4359163130
4372276551
4375956609
4319644022
4371316688
4354359542
4421298007
4369625902
4370802363
4384134894
4378694530
4378302367
4338333197
4362543630
4316327907
4345421175
4320912872
4347418060
4371605836
3938357091
4338165335
2537496612
4364977640
4371994503
4379957059
4372943845
4351537284
4349280068
4313203395
4362843716
4367033087
4380437862
4383954877
2176818330
4323168579
4379951745
2291321249
4369779115
4381393381
4416077627
4379813435
4371113933
4382512249
4384832450
4382693099
4355789998
4374189288
4562767757
4435086431
4355790962
4375561090
4375473641
4379845009
4420722723
4371602787
4379308506
4384137938
4379168372
4370351822
4385161476
4370138557
4380411258
4367489845
472738639
4355087575
4332123481
4379321561
4371544168
4369260198
4316825682
4369207132
4379594787
4317057707
4372677102
4317414051
4341933973
4367293417
4369965604
4370000566
4359067920
4385811112
4330740949
4380047954
4380690302
4380727294
4346686801
4380607616
4373717527
4422683130
4373356169
4371497230
4373994400
4317599030
4374478458
4377677990
4381796718
3882683473
4361115823
4314883095
4369595341
4374835696
4374894899
4369034072
4378013363
4324287757
4371809674
4383281642
4330779128
4333487483
4320443630
4373713150
4356323890
4342368953
4857151308
4379822356
4426572116
4378413284
4385310328
4319237624
4382668034
4333740460
4382994494
4397246488
4409110391
4377026663
4375149087
4377104626
3737688164
4325851350
4339643325
3649146297
4383468225
4323241524
4333807254
4350865304
4334292126
4371604595
4383644156
4361591471
4333980378
4381802907
4384203358
3198859187
4370451480
4369826831
4385003552
4382283524
4372368597
4377762517
4383343547
4381053447
4318135782
4363802876
4380063147
4321538900
4375962455
3767379654
4328632046
4377145118
4393681856
4356363968
4370405581
4378876159
4320075153
4341885786
4324261126
3697630582
4384714333
4378876152
4335290050
2588109516
4349883502
4323205884
4361163512
4316860860
4359774450
4367155591
4363043374
4376196299
104958071
4368661760
4801128746
4329445372
4329360086
2183998848
4345341991
4374132379
4378413208
4353304313
4376145516
4378949845
4367252665
4383984935
4379576973
4343794960
4362452557
4382818491
4380094381
4355223814
4336887630
4380667107
4362275359
4362627892
4331671803
4344516899
4371744865
4375168203
4358683211
4378258582
4348594743
4378188318
4330193705
4368729676
4367423186
4378472725
4383996957
4355857163
4319819378
4365074156
4381133464
4361591419
4316762461
4340186469
4324262406
4381324929
4334644668
4376602774
4384248202
4377021805
4380216200
4385573799
4384993417
4385019944
4369164079
4335701383
4383123753
4376517316
4377808430
4338881120
4373786192
4380506035
4379842774
4348830290
4403570285
4349925088
4350688499
4383833670
4379620173
4378550799
4354892448
4376233739
4383566172
4350442802
4368228060
4354825628
4422182286
4346880140
4379737206
4375751022
4319298510
4380437051
4316706441
4370669062
4378810286
4376567950
4372542283
4357021253
4333090102
4364873199
4395863889
4377021859
4386088024
4378195467
3493057651
4370454562
4370845432
4379047189
4352279826
4346664569
175585405
4383892854
4371084632
4382564328
4382590603
4374278256
4329404050
4354869220
4373964628
4356567386
4352514469
4365253447
4381902320
4330541085
4355052827
4418718313
4334600213
4380295992
4333924250
4392919841
4368102172
2858898387
4381862602
4384666783
4362040395
4361404895
4378419394
4364664727
4381315143
4372250750
4315771472
4339623757
4319434870
4319827850
4372704360
4384615165
4330262821
4349717918
4359345770
4341282244
4383274543
4357291862
4865748494
4383080935
4366531766
4346446883
4374667311
4383122361
4380417414
4359340071
4371470202
4379519487
4367958112
2737976640
4322380906
4363621607
4380817249
4376442969
4343788355
4366253493
4379287184
4371333996
4376356571
4383831076
4380459290
4369236552
2762322093
4314980241
4346413995
4382093432
73032102
4354778829
4371556910
4380375656
4376450579
4381508267
4328474362
4377157119
4382989828
4386514964
4356964055
4361990281
4378078776
4374888908
4324281639
4380409895
4352061303
4380897306
4375708240
4318290683
4375371362
4359692986
4373824028
4379991813
4378368107
4368506735
4339495546
4385778862
4359248656
4384540813
4382061811
4375152707
4375567101
4350112149
4382276321
4373829743
4375057468
4366903877
4334229798
4319860490
4370050816
4377183421
4385315926
4362628274
4336011312
4713738094
4374958400
4377358325
4371955786
2617543987
4384906281
4330808979
4317587923
4376603265
4332349937
4384869687
4381620544
4383984133
4359608796
4383024827
4328012795
4418464121
4346422033
4358455681
4366200156
4383326214
4372219024
4379146086
4365784999
4363573506
4380190927
4377210631
4375244464
4369442663
4382762095
4382454846
4314892094
4360554828
4379515965
4315292898
4352841286
4382753141
4332437276
4379758903
4373174530
4314968557
4371370045
4349166440
4385221610
4331525407
4339482208
4422019700
4349342780
4352205537
4354218806
4356051986
4389218407
4377787044
4333603353
4361132422
4376426088
4323758736
4331910508
4380713516
4359401419
4361204544
4357841242
4344857311
4356896386
4361728860
4317223415
4346275964
4318967650
4344739369
4383485597
4375645911
4316443327
4382305745
4376893003
4380650374
3553235790
4364409255
4376882359
4366000282
4316432685
4368215419
4358618796
4308371761
4383268971
4356702513
4406950626
4326688511
2421604866
4370723349
4380767202
4384100994
4380745892
4378555200
4377370999
4552806826
4319604926
4380675442
4350660369
4314247941
4357168895
4317016242
4330178815
4353285483
4342157456
4327382314
4359943008
4380699401
3663341445
4398003840
4883902101
4382193448
4384330824
4362621128
4376692398
4367050766
4375325842
4349008772
4384904715
4353803723
4369617152
4364184002
4370703744
4359016683
4356630372
4412272108
4374330530
4316339803
4325065428
4366901113
4333578875
4346368375
4369158150
4323702153
4368466262
4365120249
4369327940
4366769930
4381898888
4368630753
4377926113
4315894754
4319447149
4361132036
4381618277
4370562469
4314340725
4354828495
4381590620
2324704498
4318116766
4386252056
4315664821
300344531
4380117612
4315894768
4080689616
4347629735
4353104653
4320007982
4420677752
4346782325
4348829684
4363373194
4379197653
4367219591
4382870779
4330599440
4342309890
4383735105
4356344699
4383073847
4332639272
4331269526
4415225276
4866383165
4371724055
4326482350
4372586515
4355021870
4376535967
4379676653
4346496679
4331635005
4409094980
4367323495
4328294757
4380913432
4542089529
4382942970
3006810141
4380201483
4384460945
4381155356
4334742738
4372496558
4351957745
4384098976
3978907109
4383736483
4348103433
4380590837
4371880467
4372472582
4375153483
3747259527
4316117918
4344673131
4365087144
4379302943
4380907654
4358462423
4351299187
4370801315
4333107163
4382352196
4384229634
4373332009
4360813049
4368087434
4379121129
4349302894
4370271097
4315376114
5080530397
212673112
4353124276
4376369731
4381108129
4353486386
4378006337
4372017181
4385982443
4320552465
4391527659
4368164167
4378391727
2711197669
4346619693
4321170843
4419596097
4360627217
4374250778
4349024885
4339792666
4377484951
4314659651
2746187012
4314625485
4335600544
4343921131
4375135632
4369039699
4360977744
4375364593
4381018524
4320040594
4328443268
4382412389
4367752582
4373414490
4336251817
4352023218
4372881997
4340516574
4352786080
4339618465
4370846208
4374584030
3424690801
4380794006
4360803682
4374320354
4355636291
4372237286
4384258129
4364065440
4357975421
4379444155
4361454969
4343550771
4319217750
4361893439
4376097405
4380826910
4381027482
2447839502
4367958297
4368054513
4337349127
4343881746
4359663693
4376749721
2625592834
4376056047
4370363697
4376222724
4334451433
4385301260
4419256517
4381379856
4343009861
4374620155
4379760462
4382690241
4359286659
4376344470
4336377039
4374855717
4371067158
4351019753
4381837975
4341401995
4383395148
4353346043
4382618152
4423054859
4336324512
4353487642
4383670023
4328270807
4385834915
4343351111
4365886916
4384720385
4350276221
4373518715
4356227841
4354053244
4352454076
4339246865
4382939262
4319706057
4346652236
4378748603
4343479426
4381993389
4379953003
4382911707
4422743065
4355579914
4377016390
4374889933
4422859573
4316167436
4343652710
4351786562
4344037725
4384267936
4367629435
3409532010
4320595554
4360573660
4317295158
4344676271
4373643818
4373824351
4378855036
4380532006
4380757038
4359236368
4361286050
4374394513
4380142545
4384639018
4366717897
4383499698
4367364897
4375397435
4377629724
4383179383
4380171094
4381815728
4378145275
4353747119
4366645787
4370538733
4381476138
4382048529
4378324843
4352513079
576663549
4348743791
4383935547
4381922262
4382546824
4379574165
4356097691
4384215030
4379521673
4834354547
4378770528
4385646577
4376961002
4330340664
4362272117
4317479455
4324167973
4318165687
4376736436
4378059799
4378537454
4350138427
4339879960
4370758057
4369141249
4382166741
4352333015
4356795013
2651833329
4318849188
4379691471
4384935074
4379797792
3217841606
4364295420
4339485214
4381801104
4366499480
4382598078
4358290438
4362664226
4380347087
4352182774
4379127204
4319944836
4346575678
4375477761
4384615002
4329463550
4360389964
4365252054
4382755241
4376402845
4324929145
4384180134
4357901015
4369340839
4356783003
4380314173
4363189896
4343930975
4383527997
4371492779
4322852812
4358569235
4369944697
4363575823
4362954299
4420502245
4322779785
4379801486
4385323430
4350377670
4396481331
4381277767
4340664500
4383512014
4373516934
4377906489
4357489151
4354951920
4375986578
4356591193
4334775696
4354030561
4374245472
4414690623
4384955540
4445591429
4345085543
4378560632
4327046435
4356798958
4375070565
4331192596
4373059329
4373556126
4379074276
4386195820
4372231031
4409099706
4354836828
4370864890
4381818847
4384192167
4346206678
4316754393
4344566983
4328769701
4376825288
4319484179
4381306717
4381196769
4334502629
4343750483
4376432617
4334736928
4318486130
4339992268
4367317686
4371046271
4684480117
4352844420
4368754192
4331194351
4382582522
4330350850
4343719685
4402461537
4408785757
4328892232
4373338222
4382929024
4366276288
4332931542
4382286492
4373023350
4329962118
4337836636
4372142412
3997650367
4328105414
4371320708
4375842812
4378455959
4378767788
4373360109
4352737389
4377360788
4379774296
4382994094
4366552704
4382420779
4380945992
4341074274
4361321746
4337519700
4402761815
4328755866
4327654035
4378325227
4378657363
4313950568
4381860181
4380493789
4346278494
4378249822
4380604371
4380883409
4379377795
4368480643
4382604202
4394872178
4380743114
4377884795
4359774626
4348728812
4367403347
3007645736
4345926134
4359621005
4343334577
4382016294
4385219992
4381594902
2802280184
4368819032
4349698948
4380295292
4382987942
4376452177
4383524076
4611502040
4377998779
4356323682
4357249831
4360713590
4343184582
4379756552
4379006038
4315296630
4378331926
4361834124
4380834453
4315120396
4374946130
4366775080
4317370171
4356218214
4381437293
4370405769
4365199279
4353023640
4385091027
4375840208
4376248675
4379871512
4361079680
4421461626
4373577146
4383205478
3081144494
4379821235
4361183731
4380326066
4357974827
4318133399
4372448962
4382115859
4349131061
3943915045
4346261602
4341550168
4356649070
4382213455
4351676201
4365359698
4379227267
4366709575
4322758038
4375187577
4368769963
4340103617
4368052073
4370987558
4380117730
4356122901
4369390463
4360048080
576689471
4375603809
4355031314
4384131197
2712847260
4352294864
4377161034
4381303861
4317154691
4361675217
4378108422
4352178500
4357314375
4367760215
4375037208
274295769
4379197784
4383205484
4416207183
4360981975
4382876194
4363019885
4370014970
4356617491
4372732214
4372763387
4382118018
4341163522
4369868484
4380625236
4362972272
4351592285
4326645505
4383938561
4379937637
4380708756
4366345342
4322561359
4362227487
4361316547
4376386153
4372647980
4354715805
4327899254
4351767526
4370445801
4343929189
4360930322
4378375559
4381452819
4381507621
4382656264
4362206570
4383660858
4382811600
4373854102
4334339561
4380475942
4385703536
4376209935
4378252616
4375991235
4375728510
4367665902
4375634156
4383735023
4315736063
4327923222
4316794236
2325744235
2669158792
4373970235
4353951378
4380510816
4328917849
4371134289
4370030167
4381372297
4376354529
4341590059
4367392970
4379168513
4353047656
4378062555
4380042411
4329978495
4370951581
4371682688
4332490135
4344412824
4365390485
4381272206
2286395837
4315448448
4354545492
4380237340
4378899423
3338824502
2736000705
4369891509
4377263858
4327780389
1593342141
4380683848
4384878880
4423733990
4380510838
4382052746
4339007910
4325748350
4353128760
3941010542
4336124923
4363436288
4370364081
4380969139
4319914001
4380751559
4382331341
4364566687
4384959775
4359729252
4375935020
4350127006
4360522222
4316959486
4421952699
4342268222
4360408541
4357344145
4383571297
4323346836
4380648620
4378747150
4382357940
4346274076
4374199269
4377204686
4316794283
4370148536
4380572290
4367639568
4382669632
4360423324
4325960285
4380313592
4378664463
4370478781
4377042547
4378737808
4363839880
4363564417
4374566895
4384024684
4379566426
4327564929
4381076274
399698626
4378055487
4333988925
4349572286
4367883951
4374989325
4334341801
4317264114
4359787011
4365757558
4357492039
4314602027
4370189010
4379704513
4324728229
4321569705
4342771691
4376011030
4358991009
4372650652
4379838049
4371680964
4366335169
2579017756
4343703129
4360652136
4322616104
4361060175
4369669359
4380619394
4318395014
4364957499
4377853682
4379214861
4384914015
4378253966
4382581942
4325194167
4378123128
4382495541
4343993765
4322168262
4324862389
4329924615
4380959887
4383499560
4381191102
4374069250
4385613580
4245967548
4381440085
4377919083
4349393736
231007843
4375774371
4384870087
4367090796
4334769082
4372035089
4376208527
4339003487
1260470227
4330773145
4382220519
4383729228
4383833497
4380761887
4386411996
4356392293
4371583036
4374356379
4333198867
4369959640
4349825519
4342138212
4373478369
4370501570
4380579642
4382435066
4379054522
4375712946
4377108868
4790767963
4366410874
4363341499
4375267380
4346649678
4336577218
4382152849
4377501105
4379545580
4347495645
4358224004
4314893132
4355135813
4381314491
4324944663
3233756473
4383602085
4359385570
4379848220
4376066120
4339915148
4366887973
4343208934
4367687257
4378986251
4351533874
4323184758
4351483977
4379824287
4381884214
4319435942
4356734168
4316665612
4382567679
4381456400
4320782688
4380813482
4363803072
4368144623
4372687995
4375591421
4380391010
4366048873
4374955121
4400439592
4379486748
4316508092
4384769744
4350483503
4326546633
4373514401
4379002528
4374611913
4379333262
4362178877
4384067758
4377297186
3729524668
4366339534
4374126267
2504990089
4383804100
4383564196
4330103292
4361507896
4381488892
4313779106
4378669279
4357992761
5082420114
4347115906
4359342407
4368700261
4380803276
4384914081
4366200327
4357447418
4354565875
4365913422
4358086800
4355705206
4381023780
4376208597
4315244586
4333986309
3289000420
4375351985
4316058442
4380475107
4320900213
4356573431
4376182366
4383455976
4367982829
4379930205
4377323020
4384117635
4382049914
4345471689
4363027538
4368150483
4369291523
4359780481
4384001997
4355842348
4380408333
4383781828
4374410570
4381970959
4368445520
4936613441
4317785464
4374354781
4386785536
4358771832
4327602718
4367659969
4335129666
4377273165
4380927435
4381821707
4360521434
4372688309
4380094601
4385117843
4385757666
4381906382
4374378763
4375336781
4344624369
4377606497
4348894023
4342582326
4351931745
4376066511
4348427998
4348585243
4345801112
4365200666
4376969209
4348063504
4382136622
4371295551
4382479697
4383475983
4368075248
4375127382
4361637058
4375460694
4383555728
4382764487
4366461917
4383025518
4364471698
4375131408
4380926131
4373732801
4360062468
4380904764
4361395077
4356619355
4382382194
4331029245
4380607967
549319227
4381459370
4347264658
4374069932
4322611698
4371987909
4380846384
4318144162
4317221092
4355370074
4362452831
4379581127
4368470530
4370715905
4385808068
4337967836
4372179043
4331732845
4378990307
4360738737
4371499525
4357755913
4381724588
4378661969
4321913464
4376007381
4319012152
4377186217
4360372577
4368326184
4371111674
4414078962
4324646827
4373087922
4409115727
4364531886
4343619177
4350186806
4376258555
4368417468
4341140530
4366169159
4348895383
4363433511
4377359957
4372663080
4366564407
4382010645
4315057762
4406275309
4344091428
4377401175
4328371243
4363855055
4382563530
4325182887
4069724705
4384417086
4355803642
4347711685
4317770367
4341564635
4367673403
4322546979
4369736373
4384926306
4374475930
4341222160
4366879317
4375914255
4374078831
4339006905
4409108603
4378673905
4416838794
4382189108
4352731099
4330915238
4377122101
4332935389
4375927592
4374404750
4379328462
4382634369
4327095512
4366113518
4379813718
4359834040
4331820263
4338816686
4379514371
4329536361
4378879768
4384817194
4382973839
4345329994
4360922868
4361191081
4375535933
4332386302
4369032821
4365720699
4378165144
4338537779
4368405435
4375480287
4382992122
4337666616
4340311817
4358855165
4382554603
4338326587
4384797804
4379935373
4347933425
4378332749
4372195915
4345582641
4368237486
4384520867
4338920176
4327187349
4344441292
4366442805
4349255304
4377059277
4370492288
4392374431
4338093435
4325761682
4816171930
4362879143
4357727095
4331985819
4370007498
4379771456
3527433527
4336572432
4376885074
4347558681
835822785
4343141562
4385157956
4363603356
4355675617
5051400770
4334578885
4377997903
4344422159
4377183923
4375903648
4375409439
4865363537
4368801177
4381867146
4378046672
4373629798
4374245656
4317159384
4364165014
4378811268
4367799483
4288295819
4349345332
4374826157
4379268331
4383777629
5026779299
2307510258
4330422978
4380588251
4376426552
4380439116
4361555425
4331298256
4323499923
4350070125
4376265691
4830461446
4374278584
4344688439
4351411804
4360478179
4345312259
4328958923
4351625222
4367275843
4376745587
4377177272
4357667601
4375613177
4383568243
4366427121
4378642755
4380365940
4378621835
4385408838
4344561034
4334564251
4346913118
4374129229
4349703610
4351342724
4347922723
4317553406
4332178215
4364128078
4376285266
4335249472
4381079628
4378801896
4334451633
5048951703
4380621359
4421228630
4354775236
4342710258
4323051876
4383144028
3372432117
4365352026
4377279242
4383345092
4378757322
4351581861
4335262439
4397907302
3501842228
4386020179
94775985
4378665403
4381341770
4383112461
4339123740
4348414714
4315327871
4384430956
4383562996
4340878564
4384768562
4417613647
4381278807
4373595106
4315359430
4380511795
2171361025
4375244176
4340571995
4378853088
4376783864
4380270303
3944708352
4335066393
4338872776
4372564191
4358103040
4361935983
4381734706
4374226503
4357698778
4316892110
4350724272
4370701390
4369252099
4379556117
4363653541
4362967358
4435862470
4380418253
4384998844
4342624692
4363072257
4360427407
4381669264
4380505909
4384273584
4383186703
4335073484
4317629886
4370156610
4378393687
4401352011
1247028875
4332099013
4383406410
4342800384
4357625830
4323908690
4383194354
4368829561
4433721111
4419383443
4363960709
4423509928
4374376944
4376183304
4378423960
4380314392
4316032387
4339211931
4326629977
4381801382
4341128994
4372128322
4362377921
4378302899
4356478050
4366667772
4423734584
4381361328
4332847154
4357752903
4865987185
4385854066
4317058757
4317548866
4375469939
4362257144
4373804102
4338814849
4383955782
4352123763
4357951942
4370080121
2958793847
4346690357
4347101626
4420075504
4384652616
4350180762
4360262941
4380092866
4374033110
4346676068
4379373832
4381713836
4369852521
4372365843
4381746743
4375306887
4365046364
4378962381
4377211617
4375361631
4339894951
4374642553
4361632212
4380954232
4383345015
4380530907
4386021429
4373918081
4380201737
4379030077
4368683397
4336359836
4319351503
4359546171
4348214222
4367393121
4378664957
4381256669
4357283752
4376223874
4348451705
4379566388
4895798607
4370612704
4336427573
4341533437
4373268544
4376421760
4383075065
4334564299
4534889800
4345302830
4357401314
4426827116
4361677103
4315147645
4380408049
4379370927
4382636035
4383874656
4443485021
4364564642
4314953012
4346702114
4380689748
4382183745
4346473244
4385289604
4358335949
4352214986
4351047568
4318711751
4356734454
4414583987
4380129913
4375642387
4381883073
4384156661
4082505933
4384795398
4381747351
4381822923
4381328959
4379365559
4365464469
4381238913
4374732764
4362052810
4362909653
4318729075
4380894773
2467321340
3384674100
4371979357
4370506652
4379594324
4314980600
4366916791
4375539581
4379390507
4362068399
4320658546
4345963777
4379901045
4385434383
2588200740
4381199691
4382650308
4378268366
4385574695
4317040434
4315766527
4379323729
4328460920
4383429935
4367918567
4381154738
4372742240
4380838649
4365455533
4366723655
4371926873
4379678749
4376930083
4415953838
4399668273
4316999744
4381328907
4382752339
4375759469
4326010653
4382276852
4382365741
3090800285
4380322715
4382552701
4341082070
4384658796
4364975478
4385034261
4372265465
4346347555
4358043073
4345541411
4359126396
4385399207
4343538118
4381509203
4317332964
4378931290
4379600931
4376508029
4356437460
4379072624
4374613167
4369747127
4376876094
4377070334
4315915638
4370620179
4318963690
4367660808
4363686670
4362352721
4381387981
4381219781
4449244757
4357238901
3230676021
4334776058
4346119221
4363364376
4381153446
4380564438
4365482272
4343667707
4344469520
4379928907
4366733808
4377416312
4349906288
4380945380
4315729500
4373517687
4341371297
4357486427
4382187284
4378179809
4314267853
4404328536
4382514491
4360919306
4357673473
4406196754
4336243281
4373889003
4351130341
4375085138
4351605698
4370303764
4373279085
4354341845
4353338101
4376140286
4342219052
4381742539
4371196708
4372094380
4336117590
3271064487
4356615047
4403576089
4334031731
4356854060
4368650629
4324645670
4343861041
4324937658
4341886647
4384657448
4325110272
3128340792
4350116179
4368544548
4377539042
4425798324
4383324834
4379463806
4385422320
4331723164
4377491550
4380352595
4331981381
4421415103
338401494
4374821457
4424521571
4378828055
4420471184
2692666240
4345849276
4384831542
4381377754
505482339
4382112510
4380261215
4378831699
4360735515
4342991435
4362474342
4334237787
4368569808
4360712896
4371855128
4373076553
4379736276
4382359904
4375250699
4319455289
4374042740
4374662937
4351338537
4379482962
4383936590
4361893587
4377469668
4383856883
4362278868
5061723318
4382822998
4378737572
4383145509
4378143007
4359553284
4377866771
4603021707
4381798979
4374049396
4348394427
2692019876
4381886154
4323542414
4326262515
4372789711
4380926203
4316114744
4367881643
4318929735
4381672929
4317904464
4366788978
4368833593
4385889628
4346211560
4384561361
4379270699
4381709936
4380437431
4382522933
4353977787
4365787661
4371333583
4384505108
4357863847
4385307922
4344584487
4385439241
4369397200
4380579419
4411619983
4373162973
4383297600
4426572628
4371150564
4370351357
4325982299
4384699220
4316765999
4339612670
4354743781
4383878109
4375511135
4366253063
4366339743
4380616916
4378263570
4383455305
4384667653
4358403180
4350355147
4381317352
4371978835
4349928580
4384701510
4349426436
4385324486
4344525259
4378735883
4376320128
4361844600
4371473723
4334246727
4382595050
4380432625
4359084821
4380828335
4345137093
4360559253
4362140925
4375824419
4358645338
4343730507
4369438165
4323163223
4375912683
4360080372
4369156885
3585311586
4342014756
3583615929
4360186641
351775552
4359684004
4365865930
4377142570
4355461528
4366890529
4377993617
4353895046
4378784831
4383558100
4356684492
4340401168
4377156244
4379278681
4366619397
4363232574
4356546019
4350113037
4325961343
4376259070
4381859413
4370064185
4370346813
4384496607
4321554017
4380566111
4385716121
4338939727
4344517675
4381592025
4381456202
4329239661
4355628397
4348237614
4384568714
4347724248
4372911729
4380421932
4367037923
4376209626
2133754244
4351502974
4371610802
4386251898
4380191811
4365195559
4361934530
4380650776
4379868084
4366184008
4363207611
4351018154
4358774821
4763557580
4319196220
4316347111
4376299986
4354970787
4377440776
4366061636
4319814100
4382734420
4382069326
4325909610
4357108057
4375465645
4330274347
4377944664
4367185796
4383807887
4324436946
4318952139
4382722422
4380468647
4374949942
4340406014
4369223632
4351283043
4356643150
4378152779
4376180381
4380417064
4369805485
4341537720
4363480570
4359266083
4374950912
4382548715
4003035552
4371910435
4361154266
4371233333
4380673445
4422154619
4417269119
4377699739
4365749304
4361698185
4386089734
4379182149
4371828424
4346564884
4320309602
518041042
4378804880
4385323134
4371397514
4369787199
4421090161
4379683301
4340020100
4376591202
4377215091
4376690910
4382954766
4371023274
4408321408
4383113021
4365738645
4356350295
4380046227
4341752346
4420204979
4382383672
4317297285
4421279272
4356141049
4366279670
4351961412
4339065981
4423374563
4338495523
4368164869
4420061695
4374130984
4367259623
4345272490
4349038259
4371062853
4372828478
4341917479
4347364148
4350878557
4368071899
4366109641
4380259801
4318976116
4369185788
4377359207
4376400725
4344458016
4348211082
4380091677
4356866999
4384078668
4370779019
4380988561
4385180262
4334639774
4326008294
4362642142
4383181153
4381328851
4323506804
4343677089
4344750143
4344518130
4381808964
4382150703
4331455885
4385160464
4354737552
4355306557
4350199078
4385368887
4379408038
4712136631
4362761881
4376226775
4413190839
4355021408
4365156632
4326316172
4348405992
4351816515
4370814226
4344468962
4326871780
4344363884
4384766940
4365189579
4366181008
4376615778
4375484471
4365468940
4372880288
4379856276
4316346529
4377585237
4422181524
4327588580
4339024947
4359989689
3311509514
4319026122
4365190572
4338897052
4381861131
4313002721
4376390714
4369887980
4375096789
4382294588
4368122799
4317385531
4368440089
4317270244
4347055452
4370645779
4319540391
3551248161
4317450288
4355811435
4321445311
4379654841
4382372160
4326584319
4363865057
4318718293
4342757619
4371259230
4378671988
4371092604
4381621442
4377484556
4369583252
4380638070
4675116411
4383326900
4324832070
4376604211
4355537791
4354440854
4382790958
4382821394
4380330694
4375929549
4385083706
4383788048
4379607685
3076836625
4357815037
4381661512
4376200103
4372331336
4615879512
4379125979
4358139311
4359516133
4382436733
4349787993
4319830466
4385325717
4342344616
4348050852
4368632926
4378553013
4332263640
4355569364
4376707588
4318706278
4385114509
4350793902
4369952684
4315774045
4350102936
4331258400
4385291878
4369858580
4325176785
4382513499
4446364120
4315385480
4376509233
4319483227
4319631239
4322267713
4358449896
3085315880
4380102111
4336264708
4352249968
4316836216
4377155728
4354688093
4421917757
4335154826
4374091614
4354556634
4368833869
4329280878
4383285909
4380647820
4330734195
4366179570
4376725353
4368439911
4379717203
4356382591
4361334782
4385971326
4356650394
4367751686
4382562440
4345522365
4357779755
4372045636
4376812331
4383897249
4381285837
4331432375
2481950675
4381681941
4378270135
4353601933
4383968552
4385701467
4381526485
4354910105
4365823786
4375027335
4384061232
4323706130
4328505652
4368585204
4325926746
4334523197
4347008287
4348192024
4363608836
4383477083
3738877941
4334311502
3343892879
4397233421
4332155864
4404147146
4364302690
4375822244
4339341778
4366311648
4316891977
4334268177
4377926587
4315654178
4371096100
4346401909
4404937948
4384889880
4380048074
4403697579
4369230820
4403022135
4372577213
4366062004
4334269424
4385880912
4381802824
4362711504
4320645167
4375995976
4357973220
4372752332
4379300737
2100537142
4349154908
1495365549
4381003026
4321672984
4332346922
4364315926
4376007509
4456677616
4367646468
468747867
4331372168
4384982624
4363103219
4380706659
4371193793
4384887235
4339201405
4350567190
4353477895
4362827767
4374554630
4315062497
4358409808
3539999998
4319298706
4328971625
4356895727
4381600573
4381995640
4314359721
4353476553
4378609148
4372247088
4380706665
4358027091
4383855427
4353117540
4358984132
4362134056
4330206982
4378863152
4423730340
4367887052
4379947568
4374583192
4378667845
4377581771
4344795950
4335299931
4368800085
4316093902
4379843738
4315687181
4325181393
4376686191
4331711699
4340049012
4416790116
3601502256
4339273916
4367355514
4382578872
4365742172
4382621352
4367923157
4336829715
4381585608
4349186541
4319755415
4337109454
4322432238
4379634477
4368747469
4344608889
4351290296
4367674422
4372129004
4377372388
4337704440
4382254490
4404326663
4333568299
4376792127
4367576919
4341584867
4363944878
4342231442
4328624920
4330423605
4371791274
2125325177
4373471408
4374866836
4340025046
4369594719
4409705849
4366184180
4369430562
4357086912
4379352707
4379200538
4370707780
4376653277
4380650614
4357023377
4365166923
4375492958
3490111365
4363139125
4339758225
4383740151
4340728554
4380904195
4382565594
4378188824
2594949659
4371229388
4382295819
4344420169
4320036810
4381315253
4383766711
4384417733
4359324959
4384321493
4739811680
4381581294
4345885485
4348110165
4371081036
4380756191
4317023897
4380202427
4328712431
4363968874
4376176883
4319409396
4384952862
4375869463
4383935991
4319694095
4346477034
4370366303
50529648
4378147419
4378705033
490655397
714754266
4347885488
4378915379
4381880341
4626672527
4380756179
5035159870
4367574304
4384119091
4370261303
4375315166
4357251786
4345904298
4379847262
4324724235
4379032071
4376814188
4332558698
4423366619
4416009080
4383524490
4374253452
4376077393
4269658471
4380534237
4341572810
4377677824
4383567533
4377334019
4378319071
4352869302
4379325969
4376879499
4342088873
3067161620
4379802339
4385990518
4377397605
3331530636
4361948608
4363279566
4348421295
4340462625
4378022872
4668949200
4333188071
4416013110
4360005240
4381894147
4358537295
4415198432
4336588246
4322568561
2362870002
4357945059
2801386404
4373724639
4377182449
4363094637
4385487813
4364753927
4365887842
4363769286
4367582758
4366490691
4320556388
4360366827
4344537196
4376401965
4357581135
4366487057
4378778865
2617080257
4354944395
4384118636
3202985986
4383905282
4319918183
4314564711
4349268080
4331369442
4385300372
4399681405
4361998083
4346366224
4370384112
4373771860
4365398886
4381913722
4376803499
4383874501
4346054632
3731371340
4349342427
4384173417
433586851
4381718054
4371605197
4373841305
4364519925
4376907118
4354729969
4365535383
4385706273
4337482358
4372807669
4365453055
4355738670
4383545334
4373174668
4380568498
2929666040
4376104350
4373233691
4379390151
4366790028
4341136334
4379663867
4357845707
4365919068
4365887886
4365213792
4380998001
4377374930
4374734217
4356211059
4363029600
4366257558
4382475444
4380334187
4352381921
4354689465
4384554035
4365443749
4380001501
4420076124
4346622113
4371090742
4369964568
4378152153
4352906085
4372310542
4356198523
4377331013
4375768156
4371525607
4354139483
4370403564
4375927045
4360416579
4383468053
4329731086
4380926477
4345174614
4376972991
4384351439
1408048659
4377563781
4350412705
4362289352
4356458115
4363536739
4343644889
4372803300
4371964097
4382304161
4373020719
4375408801
4377414748
1336611556
4378088723
2065547163
4315513555
3408464140
4375425388
4370689206
4340299787
4369611504
4379947495
4379464068
4337734327
4361996211
4370196694
4323710968
4351404743
4339433450
4363706350
4369142935
4374454247
4351773818
4383367364
4333784680
4339667909
4365626629
4405895359
4363204827
4351919735
4356998107
4380720004
4320039235
4372794925
4332558496
4386540258
4341668773
4371952929
4364880146
4383484993
4342706304
4373281103
4353992295
4379694157
4380443015
4344724040
4384982582
4376606997
4328318721
4382477333
4338462338
4378162399
4379209831
4388988657
4385756496
4378139152
4317915718
4417614095
4423373081
2409591788
4337197952
4381841461
4379640395
4315927880
4381357212
4362108526
4374744505
4416844554
4422154029
4422019412
295588851
4376074253
4422969373
3208102553
4369404924
4376446777
4348415499
4386465334
4421852882
4373175244
4379704031
4395330451
4334704137
4355783170
397439637
4364584024
4334694297
4382850819
4371326652
4383089059
4368753120
4383420921
4383661724
4383269783
4375306155
4346875731
4316319678
4336409487
4409103016
4381717790
4382110532
4376063532
4372296786
4376784696
4358019558
4381724085
4385646881
4376050216
1050720611
4374450738
4375582152
4381715140
2568740770
375532425
4338876832
4326640288
4369694741
4380820237
4344506811
4377812677
4385135523
4377400184
4318071003
4369552018
4357835678
4385854726
4377832240
4379104901
4378427641
4383090908
4336118686
4324964610
4378894192
4361882247
4379145420
4427782483
4380011719
4380091091
4355164736
4358909893
4380764424
4459262266
4318426107
4351325469
4366903255
4342916801
4356963441
3462167744
4375425326
4350199821
4381459894
4313767504
4318917955
4419230326
4372345213
4381725375
4381249433
4378937686
4445592299
4366314612
4365042794
4379411586
4355837348
4378164169
4379321739
4352070880
4352921693
4384753702
4338876865
4317324616
4423442827
4324273304
4378148903
4369262555
4384614930
4376970366
4385478120
4378135609
4352232112
4375679465
4379668756
4380405629
4315297523
4374496957
4369627946
4383031716
4424134364
4381802718
4370892422
4335657723
4381203121
4381092762
4355576555
4330718784
4342015896
4367420252
4381160412
4318954150
4364456604
4368219345
4380957659
4360873856
4362125978
4363944974
1094738345
4376652039
4359814747
4374751744
4349495204
4384080368
4386253852
4381193324
4378944806
4330153092
4351532154
4369269274
4321922411
4379301211
4378903466
4355803144
4363222502
4379530030
4370204652
4375845588
4341351489
4318988373
3097150058
4318670565
4380773418
4371539316
4357597430
4376209428
4318611445
4373992082
4378867394
4341412971
4381995438
4358888550
4377294519
4382953262
4383775598
4338914692
4356807170
4352617034
4360868452
4365183305
4337186398
4362285739
4376837546
4369867502
4368027552
4349440991
4353167826
4365196619
2097496003
4335790541
4384480070
4332211491
3015121722
3635116405
4352183532
4359879180
4333298504
4364498463
4379129301
4351908197
4371838441
4384516532
4321546631
4361073024
4421272442
4391945531
4363483882
4329363733
4363894244
4372351940
4335867442
4339510932
4369731326
4381140825
4382093691
4326658334
4367492796
4379116022
4363195331
4331834583
4350884177
4384459470
4420461649
4364326689
4341754386
4379392041
4313845524
4330635135
4380995929
4377122712
4366457961
4343985795
4374493915
4098777433
4384219137
4334801249
4328568400
4371341350
4372371538
4377505945
4360428618
4323769604
4333929336
4373292716
4374128405
4378028283
4369161198
4329689052
4376770835
4378058923
4378511362
4363853788
4364921091
4365593327
4378282945
4380126128
4314261991
4393544499
4412264900
4316033576
4326345456
4350447426
4373096851
4374104441
4315080337
4367754040
4316434685
4379785478
4317228092
4370558046
4349638933
4378407149
4375893214
4314419089
4397989902
4381315369
4380514751
4315676342
3130684410
4357364239
4377010554
4422568381
2542884874
4359739807
4377289101
4374556248
4367449088
4327368572
4379572710
4383504994
4381734220
4071086896
4374252276
4380309926
4345480194
4364592474
4365527866
4328553379
4317464028
4371316352
4380267689
4382310060
4316488427
4373155607
4367502597
4364177964
4384557876
4378422718
4380570884
4385558773
4371542927
4332939130
4372196571
4384893110
4377992920
4378642612
4382912730
4338451737
4385126589
4341436073
4344135540
4377686619
4383754697
4374515789
4361059598
4374065290
4362841334
4403700931
2716721701
4365309721
4336251469
4375572730
4376963143
4351516069
4379181026
4347252604
4382213831
4379168062
4379743682
2711284147
4361542609
4353657556
4378328702
4376802038
4385067776
4337282188
4378851856
4375182391
4378299799
